
=== FRAME 195 ===
OperMode=0 FC=187 X=40 Y=176 Page=0 Speed=0 State=0

Zero Page ($00-$FF):
$00: 00 4F D0 01 00 28 20 00 05 BB 00 00 00 00 08 00 
$10: 00 00 00 00 00 00 00 00 00 00 00 00 00 00 00 00 
$20: 00 00 00 00 00 00 00 00 00 00 00 00 00 00 00 00 
$30: 00 00 00 01 00 00 00 00 00 00 00 00 00 00 00 00 
$40: 00 00 00 00 00 00 00 00 00 00 00 00 00 00 00 00 
$50: 00 00 00 00 00 00 00 00 00 00 00 00 00 00 00 00 
$60: 00 00 00 00 00 00 00 00 00 00 00 00 00 00 01 01 
$70: 01 01 01 00 00 00 00 00 00 00 00 00 00 00 00 00 
$80: 00 00 00 00 00 00 28 60 60 60 60 60 00 00 00 00 
$90: 00 00 00 00 00 00 00 00 00 00 00 00 00 00 00 00 
$A0: 00 00 00 00 00 00 00 00 00 00 00 00 00 00 00 00 
$B0: 00 00 00 00 00 01 01 00 00 00 00 00 00 00 00 00 
$C0: 00 00 00 00 00 00 00 00 00 00 00 00 00 00 B0 E0 
$D0: 00 00 00 00 00 00 00 00 00 00 00 00 00 00 00 00 
$E0: 00 00 00 00 00 00 00 90 A6 01 9F 13 00 00 00 00 
$F0: 00 00 00 00 00 00 00 00 00 00 00 80 00 00 00 00 

Page $0100-$01FF:
$0100: 00 00 00 00 00 00 00 00 00 00 00 00 00 00 00 00 
$0110: 00 00 00 00 00 00 00 00 00 00 00 00 00 00 00 00 
$0120: 00 00 00 00 00 00 00 00 00 00 00 00 00 00 00 00 
$0130: 00 00 00 00 00 00 00 00 00 00 00 00 00 00 00 00 
$0140: 00 00 00 00 00 00 00 00 00 00 00 00 00 00 00 00 
$0150: 00 00 00 00 00 00 00 00 00 00 00 00 00 00 00 00 
$0160: 00 00 00 00 FF FF FF FF 00 00 00 00 FF FF FF FF 
$0170: 00 00 00 00 FF FF FF FF 00 00 00 00 FF FF FF FF 
$0180: 00 00 00 00 FF FF FF FF 00 00 00 00 FF FF FF FF 
$0190: 00 00 00 00 FF FF FF FF 00 00 00 00 FF FF FF FF 
$01A0: 00 00 00 00 FF FF FF FF 00 00 00 00 FF FF FF FF 
$01B0: 00 00 00 00 FF FF FF FF 00 00 00 00 FF FF FF FF 
$01C0: 00 00 00 00 FF FF FF FF 00 00 00 00 FF FF FF FF 
$01D0: 00 00 00 00 FF FF FF FF 00 00 00 00 FF FF FF FF 
$01E0: 00 00 00 00 FF FF FF FF 00 00 00 00 FF 03 03 1D 
$01F0: F2 5F E6 EF 4F EF 66 AF C2 82 77 81 10 A5 57 80 

Page $0200-$02FF:
$0200: 18 FF 23 58 B0 FC 00 28 B0 FC 00 30 B8 FC 00 28 
$0210: B8 FC 00 30 C0 3A 00 28 C0 37 00 30 C8 4F 00 28 
$0220: C8 4F 40 30 F8 00 00 00 F8 00 00 00 F8 00 00 00 
$0230: F8 00 00 00 F8 00 00 00 F8 00 00 00 F8 00 00 00 
$0240: F8 00 00 00 F8 00 00 00 F8 00 00 00 F8 00 00 00 
$0250: F8 00 00 00 F8 00 00 00 F8 00 00 00 F8 00 00 00 
$0260: F8 00 00 00 F8 00 00 00 F8 00 00 00 F8 00 00 00 
$0270: F8 00 00 00 F8 00 00 00 F8 00 00 00 F8 00 00 00 
$0280: F8 00 00 00 F8 00 00 00 F8 00 00 00 F8 00 00 00 
$0290: F8 00 00 00 F8 00 00 00 F8 00 00 00 F8 00 00 00 
$02A0: F8 00 00 00 F8 00 00 00 F8 00 00 00 F8 00 00 00 
$02B0: F8 00 00 00 F8 00 00 00 F8 00 00 00 F8 00 00 00 
$02C0: F8 00 00 00 F8 00 00 00 F8 00 00 00 F8 00 00 00 
$02D0: F8 00 00 00 F8 00 00 00 F8 00 00 00 F8 00 00 00 
$02E0: F8 00 00 00 F8 00 00 00 F8 00 00 00 F8 00 00 00 
$02F0: F8 00 00 00 F8 00 00 00 F8 00 00 00 F8 00 00 00 

Page $0300-$03FF:
$0300: 00 00 0C 04 0F 27 17 0F 00 00 00 00 00 00 00 00 
$0310: 00 00 00 00 00 00 00 00 00 00 00 00 00 00 00 00 
$0320: 00 00 00 00 00 00 00 00 00 00 00 00 00 00 00 00 
$0330: 00 00 00 00 00 00 00 00 00 00 00 00 00 00 00 00 
$0340: 00 00 00 00 00 00 00 00 00 00 00 00 00 00 00 00 
$0350: 00 00 00 00 00 00 00 00 00 00 00 00 00 00 00 00 
$0360: 00 00 00 00 00 00 00 00 00 00 00 00 00 00 00 00 
$0370: 00 00 00 00 00 00 00 00 00 00 00 00 00 00 00 00 
$0380: 00 00 00 00 00 00 00 00 00 00 00 00 00 00 00 00 
$0390: 00 00 00 00 00 00 00 00 00 00 00 00 00 00 00 00 
$03A0: FF 00 00 00 00 00 00 00 00 00 00 00 00 28 00 00 
$03B0: 00 00 00 00 00 00 00 00 B0 00 00 00 00 00 00 00 
$03C0: 00 00 00 00 00 00 00 00 00 00 00 00 00 00 00 00 
$03D0: 00 00 00 00 00 00 00 00 00 00 00 00 00 00 00 00 
$03E0: 00 00 00 00 00 00 00 00 00 00 00 00 00 00 00 00 
$03F0: 00 00 00 00 00 00 00 00 00 00 00 00 00 00 00 00 

Page $0400-$04FF:
$0400: 00 00 00 00 00 00 00 00 00 00 00 00 00 00 00 00 
$0410: 00 00 00 00 00 00 00 00 00 00 00 00 00 00 00 00 
$0420: 00 00 00 00 00 00 00 00 00 00 00 00 00 00 00 00 
$0430: 00 00 00 00 00 00 00 00 00 00 00 00 00 00 00 00 
$0440: 00 00 00 00 00 00 00 00 00 00 00 00 00 00 00 00 
$0450: E8 00 00 00 00 00 18 00 00 00 00 00 00 00 00 00 
$0460: 00 00 00 00 00 00 00 00 00 00 00 00 00 00 00 00 
$0470: 00 00 00 00 00 00 00 00 00 00 00 00 00 00 00 00 
$0480: 00 00 00 00 00 00 00 00 00 00 00 00 00 00 00 00 
$0490: FF 00 00 00 00 00 00 00 00 01 00 00 00 00 00 00 
$04A0: 00 00 00 00 00 00 00 00 00 00 00 00 2B C4 35 D0 
$04B0: 00 00 00 00 00 00 00 00 00 00 00 00 00 00 00 00 
$04C0: 00 00 00 00 00 00 00 00 00 00 00 00 00 00 00 00 
$04D0: 00 00 00 00 00 00 00 00 00 00 00 00 00 00 00 00 
$04E0: 00 00 00 00 00 00 00 00 00 00 00 00 00 00 00 00 
$04F0: 00 00 00 00 00 00 00 00 00 00 00 00 00 00 00 00 

Page $0500-$05FF:
$0500: 00 00 00 00 00 00 00 00 00 00 00 00 00 00 00 00 
$0510: 00 00 00 00 00 00 00 00 00 00 00 00 00 00 00 00 
$0520: 00 00 00 00 00 00 00 00 00 00 00 00 00 00 00 00 
$0530: 00 00 00 00 00 00 00 00 00 00 00 00 00 00 00 00 
$0540: 00 00 00 00 00 00 00 00 00 00 00 00 00 00 00 00 
$0550: 00 00 00 00 00 00 00 00 00 00 00 00 00 00 00 00 
$0560: 00 00 00 00 00 00 00 00 00 00 00 00 00 00 00 00 
$0570: 00 00 00 00 00 00 00 00 00 00 00 00 00 00 00 00 
$0580: 00 00 00 00 00 00 00 00 00 00 00 00 00 00 00 00 
$0590: 00 00 00 00 00 00 00 00 00 00 00 00 00 00 00 00 
$05A0: 00 00 00 00 00 00 00 00 00 00 00 00 00 00 00 00 
$05B0: 54 54 54 54 54 54 54 54 54 54 54 54 54 54 54 54 
$05C0: 54 54 54 54 54 54 54 54 54 54 54 54 54 54 54 54 
$05D0: 00 00 00 00 00 00 00 00 00 00 00 00 00 00 00 00 
$05E0: 00 00 00 00 00 00 00 00 00 00 00 00 00 00 00 00 
$05F0: 00 00 00 00 00 00 00 00 00 00 00 00 00 00 00 00 

Page $0600-$06FF:
$0600: 00 00 00 00 00 00 C0 00 00 00 00 00 00 00 00 00 
$0610: 00 00 00 00 00 00 00 00 00 00 00 00 00 00 00 00 
$0620: 00 00 00 00 00 00 00 00 00 00 00 00 00 00 00 00 
$0630: 00 00 00 00 00 00 00 00 00 00 00 00 00 00 00 00 
$0640: C0 00 00 00 51 C1 51 C0 00 00 00 00 00 00 00 00 
$0650: 00 00 00 00 00 00 00 00 00 00 00 00 00 00 00 00 
$0660: 00 00 00 00 00 00 00 00 00 00 00 00 00 00 00 00 
$0670: 00 00 00 00 00 00 00 00 00 00 00 00 00 00 00 00 
$0680: 54 54 54 54 54 54 54 54 00 00 00 00 00 00 00 00 
$0690: 54 54 54 54 54 54 54 54 00 00 00 00 00 00 00 00 
$06A0: 18 00 00 00 00 00 00 00 C0 00 00 02 54 54 00 00 
$06B0: 00 00 00 00 00 00 00 00 00 00 00 00 00 00 00 00 
$06C0: 00 00 00 00 00 00 00 00 00 FF 00 00 00 00 00 00 
$06D0: 00 00 00 00 02 B8 00 00 00 00 00 00 00 00 00 00 
$06E0: 00 58 48 38 04 30 48 60 78 90 A8 C0 D8 E8 24 F8 
$06F0: FC 28 2C 90 98 A0 A8 B0 B8 C0 C8 D0 00 00 00 00 

Page $0700-$07FF:
$0700: 00 01 30 00 00 00 00 00 00 00 28 00 07 00 00 00 
$0710: 02 00 00 00 00 01 00 00 00 00 00 00 00 FF FF 00 
$0720: 24 90 01 00 00 01 08 01 00 00 01 00 0A 00 08 02 
$0730: FF FF 00 00 00 00 00 00 00 03 01 00 0E 00 00 00 
$0740: 00 00 02 00 00 00 00 00 00 00 00 00 00 00 01 05 
$0750: C2 00 00 00 01 28 00 00 00 00 02 00 00 00 00 00 
$0760: 00 02 00 00 00 00 00 00 00 00 00 00 00 00 00 00 
$0770: 00 00 03 00 00 00 00 00 10 1E 00 00 00 00 00 01 
$0780: 00 00 00 00 00 00 00 00 00 18 00 00 00 00 00 00 
$0790: 00 00 00 00 00 00 00 00 00 00 00 00 00 00 00 00 
$07A0: 00 00 10 00 00 00 00 82 C3 C6 41 CD 4E D4 00 00 
$07B0: 00 00 00 00 00 00 00 00 00 00 00 00 00 00 00 00 
$07C0: 00 00 00 00 00 00 00 00 00 00 00 00 00 00 00 00 
$07D0: 00 00 00 00 00 00 00 00 00 00 00 00 00 00 00 00 
$07E0: 00 00 00 00 00 00 00 00 00 00 00 00 00 00 00 00 
$07F0: 00 00 00 00 00 00 00 00 04 00 01 00 00 00 00 A5 

=== FRAME 200 ===
OperMode=0 FC=192 X=40 Y=176 Page=0 Speed=0 State=0

Zero Page ($00-$FF):
$00: FF 4F D0 01 00 28 20 00 05 C0 00 00 00 00 08 00 
$10: 00 00 00 00 00 00 00 00 00 00 00 00 00 00 00 00 
$20: 00 00 00 00 00 00 00 00 00 00 00 00 00 00 00 00 
$30: 00 00 00 01 00 00 00 00 00 00 00 00 00 00 00 00 
$40: 00 00 00 00 00 00 00 00 00 00 00 00 00 00 00 00 
$50: 00 00 00 00 00 00 00 00 00 00 00 00 00 00 00 00 
$60: 00 00 00 00 00 00 00 00 00 00 00 00 00 00 01 01 
$70: 01 01 01 00 00 00 00 00 00 00 00 00 00 00 00 00 
$80: 00 00 00 00 00 00 28 60 60 60 60 60 00 00 00 00 
$90: 00 00 00 00 00 00 00 00 00 00 00 00 00 00 00 00 
$A0: 00 00 00 00 00 00 00 00 00 00 00 00 00 00 00 00 
$B0: 00 00 00 00 00 01 01 00 00 00 00 00 00 00 00 00 
$C0: 00 00 00 00 00 00 00 00 00 00 00 00 00 00 B0 E0 
$D0: 00 00 00 00 00 00 00 00 00 00 00 00 00 00 00 00 
$E0: 00 00 00 00 00 00 00 90 A6 01 9F 13 00 00 00 00 
$F0: 00 00 00 00 00 00 00 00 00 00 00 80 00 00 00 00 

Page $0100-$01FF:
$0100: 00 00 00 00 00 00 00 00 00 00 00 00 00 00 00 00 
$0110: 00 00 00 00 00 00 00 00 00 00 00 00 00 00 00 00 
$0120: 00 00 00 00 00 00 00 00 00 00 00 00 00 00 00 00 
$0130: 00 00 00 00 00 00 00 00 00 00 00 00 00 00 00 00 
$0140: 00 00 00 00 00 00 00 00 00 00 00 00 00 00 00 00 
$0150: 00 00 00 00 00 00 00 00 00 00 00 00 00 00 00 00 
$0160: 00 00 00 00 FF FF FF FF 00 00 00 00 FF FF FF FF 
$0170: 00 00 00 00 FF FF FF FF 00 00 00 00 FF FF FF FF 
$0180: 00 00 00 00 FF FF FF FF 00 00 00 00 FF FF FF FF 
$0190: 00 00 00 00 FF FF FF FF 00 00 00 00 FF FF FF FF 
$01A0: 00 00 00 00 FF FF FF FF 00 00 00 00 FF FF FF FF 
$01B0: 00 00 00 00 FF FF FF FF 00 00 00 00 FF FF FF FF 
$01C0: 00 00 00 00 FF FF FF FF 00 00 00 00 FF FF FF FF 
$01D0: 00 00 00 00 FF FF FF FF 00 00 00 00 FF FF FF FF 
$01E0: 00 00 00 00 FF FF FF FF 00 00 00 00 FF 03 03 1D 
$01F0: F2 5F E6 EF 4F EF 66 AF C2 82 77 81 10 A5 57 80 

Page $0200-$02FF:
$0200: 18 FF 23 58 B0 FC 00 28 B0 FC 00 30 B8 FC 00 28 
$0210: B8 FC 00 30 C0 3A 00 28 C0 37 00 30 C8 4F 00 28 
$0220: C8 4F 40 30 F8 00 00 00 F8 00 00 00 F8 00 00 00 
$0230: F8 00 00 00 F8 00 00 00 F8 00 00 00 F8 00 00 00 
$0240: F8 00 00 00 F8 00 00 00 F8 00 00 00 F8 00 00 00 
$0250: F8 00 00 00 F8 00 00 00 F8 00 00 00 F8 00 00 00 
$0260: F8 00 00 00 F8 00 00 00 F8 00 00 00 F8 00 00 00 
$0270: F8 00 00 00 F8 00 00 00 F8 00 00 00 F8 00 00 00 
$0280: F8 00 00 00 F8 00 00 00 F8 00 00 00 F8 00 00 00 
$0290: F8 00 00 00 F8 00 00 00 F8 00 00 00 F8 00 00 00 
$02A0: F8 00 00 00 F8 00 00 00 F8 00 00 00 F8 00 00 00 
$02B0: F8 00 00 00 F8 00 00 00 F8 00 00 00 F8 00 00 00 
$02C0: F8 00 00 00 F8 00 00 00 F8 00 00 00 F8 00 00 00 
$02D0: F8 00 00 00 F8 00 00 00 F8 00 00 00 F8 00 00 00 
$02E0: F8 00 00 00 F8 00 00 00 F8 00 00 00 F8 00 00 00 
$02F0: F8 00 00 00 F8 00 00 00 F8 00 00 00 F8 00 00 00 

Page $0300-$03FF:
$0300: 07 3F 0C 04 0F 27 17 0F 00 00 00 00 00 00 00 00 
$0310: 00 00 00 00 00 00 00 00 00 00 00 00 00 00 00 00 
$0320: 00 00 00 00 00 00 00 00 00 00 00 00 00 00 00 00 
$0330: 00 00 00 00 00 00 00 00 00 00 00 00 00 00 00 00 
$0340: 00 00 00 00 00 00 00 00 00 00 00 00 00 00 00 00 
$0350: 00 00 00 00 00 00 00 00 00 00 00 00 00 00 00 00 
$0360: 00 00 00 00 00 00 00 00 00 00 00 00 00 00 00 00 
$0370: 00 00 00 00 00 00 00 00 00 00 00 00 00 00 00 00 
$0380: 00 00 00 00 00 00 00 00 00 00 00 00 00 00 00 00 
$0390: 00 00 00 00 00 00 00 00 00 00 00 00 00 00 00 00 
$03A0: FF 00 00 00 00 00 00 00 00 00 00 00 00 28 00 00 
$03B0: 00 00 00 00 00 00 00 00 B0 00 00 00 00 00 00 00 
$03C0: 00 00 00 00 00 00 00 00 00 00 00 00 00 00 00 00 
$03D0: 00 00 00 00 00 00 00 00 00 00 00 00 00 00 00 00 
$03E0: 00 00 00 00 00 00 00 00 00 00 00 00 00 00 00 00 
$03F0: 00 00 00 00 00 00 00 00 00 00 00 00 00 00 00 00 

Page $0400-$04FF:
$0400: 00 00 00 00 00 00 00 00 00 00 00 00 00 00 00 00 
$0410: 00 00 00 00 00 00 00 00 00 00 00 00 00 00 00 00 
$0420: 00 00 00 00 00 00 00 00 00 00 00 00 00 00 00 00 
$0430: 00 00 00 00 00 00 00 00 00 00 00 00 00 00 00 00 
$0440: 00 00 00 00 00 00 00 00 00 00 00 00 00 00 00 00 
$0450: E8 00 00 00 00 00 18 00 00 00 00 00 00 00 00 00 
$0460: 00 00 00 00 00 00 00 00 00 00 00 00 00 00 00 00 
$0470: 00 00 00 00 00 00 00 00 00 00 00 00 00 00 00 00 
$0480: 00 00 00 00 00 00 00 00 00 00 00 00 00 00 00 00 
$0490: FF 00 00 00 00 00 00 00 00 01 00 00 00 00 00 00 
$04A0: 00 00 00 00 00 00 00 00 00 00 00 00 2B C4 35 D0 
$04B0: 00 00 00 00 00 00 00 00 00 00 00 00 00 00 00 00 
$04C0: 00 00 00 00 00 00 00 00 00 00 00 00 00 00 00 00 
$04D0: 00 00 00 00 00 00 00 00 00 00 00 00 00 00 00 00 
$04E0: 00 00 00 00 00 00 00 00 00 00 00 00 00 00 00 00 
$04F0: 00 00 00 00 00 00 00 00 00 00 00 00 00 00 00 00 

Page $0500-$05FF:
$0500: 00 00 00 00 00 00 00 00 00 00 00 00 00 00 00 00 
$0510: 00 00 00 00 00 00 00 00 00 00 00 00 00 00 00 00 
$0520: 00 00 00 00 00 00 00 00 00 00 00 00 00 00 00 00 
$0530: 00 00 00 00 00 00 00 00 00 00 00 00 00 00 00 00 
$0540: 00 00 00 00 00 00 00 00 00 00 00 00 00 00 00 00 
$0550: 00 00 00 00 00 00 00 00 00 00 00 00 00 00 00 00 
$0560: 00 00 00 00 00 00 00 00 00 00 00 00 00 00 00 00 
$0570: 00 00 00 00 00 00 00 00 00 00 00 00 00 00 00 00 
$0580: 00 00 00 00 00 00 00 00 00 00 00 00 00 00 00 00 
$0590: 00 00 00 00 00 00 00 00 00 00 00 00 00 00 00 00 
$05A0: 00 00 00 00 00 00 00 00 00 00 00 00 00 00 00 00 
$05B0: 54 54 54 54 54 54 54 54 54 54 54 54 54 54 54 54 
$05C0: 54 54 54 54 54 54 54 54 54 54 54 54 54 54 54 54 
$05D0: 00 00 00 00 00 00 00 00 00 00 00 00 00 00 00 00 
$05E0: 00 00 00 00 00 00 00 00 00 00 00 00 00 00 00 00 
$05F0: 00 00 00 00 00 00 00 00 00 00 00 00 00 00 00 00 

Page $0600-$06FF:
$0600: 00 00 00 00 00 00 C0 00 00 00 00 00 00 00 00 00 
$0610: 00 00 00 00 00 00 00 00 00 00 00 00 00 00 00 00 
$0620: 00 00 00 00 00 00 00 00 00 00 00 00 00 00 00 00 
$0630: 00 00 00 00 00 00 00 00 00 00 00 00 00 00 00 00 
$0640: C0 00 00 00 51 C1 51 C0 00 00 00 00 00 00 00 00 
$0650: 00 00 00 00 00 00 00 00 00 00 00 00 00 00 00 00 
$0660: 00 00 00 00 00 00 00 00 00 00 00 00 00 00 00 00 
$0670: 00 00 00 00 00 00 00 00 00 00 00 00 00 00 00 00 
$0680: 54 54 54 54 54 54 54 54 00 00 00 00 00 00 00 00 
$0690: 54 54 54 54 54 54 54 54 00 00 00 00 00 00 00 00 
$06A0: 18 00 00 00 00 00 00 00 C0 00 00 02 54 54 00 00 
$06B0: 00 00 00 00 00 00 00 00 00 00 00 00 00 00 00 00 
$06C0: 00 00 00 00 00 00 00 00 00 FF 00 00 00 00 00 00 
$06D0: 00 00 00 00 03 B8 00 00 00 00 00 00 00 00 00 00 
$06E0: 02 58 48 38 04 D0 E8 28 40 58 70 88 A0 B0 24 C0 
$06F0: C4 C8 CC 58 60 68 70 78 80 88 90 98 00 00 00 00 

Page $0700-$07FF:
$0700: 00 01 30 00 00 00 00 00 00 00 28 00 07 00 00 00 
$0710: 02 00 00 00 00 01 00 00 00 00 00 00 00 FF FF 00 
$0720: 24 90 01 00 00 01 08 01 00 00 01 00 0A 00 08 02 
$0730: FF FF 00 00 00 00 00 00 00 03 01 00 0E 00 00 00 
$0740: 00 00 02 00 00 00 00 00 00 00 00 00 00 00 01 05 
$0750: C2 00 00 00 01 28 00 00 00 00 02 00 00 00 00 00 
$0760: 00 02 00 00 00 00 00 00 00 00 00 00 00 00 00 00 
$0770: 00 00 03 00 00 00 00 00 10 1E 00 00 00 00 00 11 
$0780: 00 00 00 00 00 00 00 00 00 18 00 00 00 00 00 00 
$0790: 00 00 00 00 00 00 00 00 00 00 00 00 00 00 00 00 
$07A0: 00 00 0F 00 00 00 00 04 16 1E 32 0E 6A 76 00 00 
$07B0: 00 00 00 00 00 00 00 00 00 00 00 00 00 00 00 00 
$07C0: 00 00 00 00 00 00 00 00 00 00 00 00 00 00 00 00 
$07D0: 00 00 00 00 00 00 00 00 00 00 00 00 00 00 00 00 
$07E0: 00 00 00 00 00 00 00 00 00 00 00 00 00 00 00 00 
$07F0: 00 00 00 00 00 00 00 00 04 00 01 00 00 00 00 A5 

=== FRAME 210 ===
OperMode=0 FC=202 X=40 Y=176 Page=0 Speed=0 State=0

Zero Page ($00-$FF):
$00: 00 4F D0 01 00 28 20 00 05 CA 00 00 00 00 08 00 
$10: 00 00 00 00 00 00 00 00 00 00 00 00 00 00 00 00 
$20: 00 00 00 00 00 00 00 00 00 00 00 00 00 00 00 00 
$30: 00 00 00 01 00 00 00 00 00 00 00 00 00 00 00 00 
$40: 00 00 00 00 00 00 00 00 00 00 00 00 00 00 00 00 
$50: 00 00 00 00 00 00 00 00 00 00 00 00 00 00 00 00 
$60: 00 00 00 00 00 00 00 00 00 00 00 00 00 00 01 01 
$70: 01 01 01 00 00 00 00 00 00 00 00 00 00 00 00 00 
$80: 00 00 00 00 00 00 28 60 60 60 60 60 00 00 00 00 
$90: 00 00 00 00 00 00 00 00 00 00 00 00 00 00 00 00 
$A0: 00 00 00 00 00 00 00 00 00 00 00 00 00 00 00 00 
$B0: 00 00 00 00 00 01 01 00 00 00 00 00 00 00 00 00 
$C0: 00 00 00 00 00 00 00 00 00 00 00 00 00 00 B0 E0 
$D0: 00 00 00 00 00 00 00 00 00 00 00 00 00 00 00 00 
$E0: 00 00 00 00 00 00 00 90 A6 01 9F 13 00 00 00 00 
$F0: 00 00 00 00 00 00 00 00 00 00 00 80 00 00 00 00 

Page $0100-$01FF:
$0100: 00 00 00 00 00 00 00 00 00 00 00 00 00 00 00 00 
$0110: 00 00 00 00 00 00 00 00 00 00 00 00 00 00 00 00 
$0120: 00 00 00 00 00 00 00 00 00 00 00 00 00 00 00 00 
$0130: 00 00 00 00 00 00 00 00 00 00 00 00 00 00 00 00 
$0140: 00 00 00 00 00 00 00 00 00 00 00 00 00 00 00 00 
$0150: 00 00 00 00 00 00 00 00 00 00 00 00 00 00 00 00 
$0160: 00 00 00 00 FF FF FF FF 00 00 00 00 FF FF FF FF 
$0170: 00 00 00 00 FF FF FF FF 00 00 00 00 FF FF FF FF 
$0180: 00 00 00 00 FF FF FF FF 00 00 00 00 FF FF FF FF 
$0190: 00 00 00 00 FF FF FF FF 00 00 00 00 FF FF FF FF 
$01A0: 00 00 00 00 FF FF FF FF 00 00 00 00 FF FF FF FF 
$01B0: 00 00 00 00 FF FF FF FF 00 00 00 00 FF FF FF FF 
$01C0: 00 00 00 00 FF FF FF FF 00 00 00 00 FF FF FF FF 
$01D0: 00 00 00 00 FF FF FF FF 00 00 00 00 FF FF FF FF 
$01E0: 00 00 00 00 FF FF FF FF 00 00 00 00 FF 03 03 1D 
$01F0: F2 5F E6 EF 4F EF 66 AF C2 82 77 81 10 A5 57 80 

Page $0200-$02FF:
$0200: 18 FF 23 58 B0 FC 00 28 B0 FC 00 30 B8 FC 00 28 
$0210: B8 FC 00 30 C0 3A 00 28 C0 37 00 30 C8 4F 00 28 
$0220: C8 4F 40 30 F8 00 00 00 F8 00 00 00 F8 00 00 00 
$0230: F8 00 00 00 F8 00 00 00 F8 00 00 00 F8 00 00 00 
$0240: F8 00 00 00 F8 00 00 00 F8 00 00 00 F8 00 00 00 
$0250: F8 00 00 00 F8 00 00 00 F8 00 00 00 F8 00 00 00 
$0260: F8 00 00 00 F8 00 00 00 F8 00 00 00 F8 00 00 00 
$0270: F8 00 00 00 F8 00 00 00 F8 00 00 00 F8 00 00 00 
$0280: F8 00 00 00 F8 00 00 00 F8 00 00 00 F8 00 00 00 
$0290: F8 00 00 00 F8 00 00 00 F8 00 00 00 F8 00 00 00 
$02A0: F8 00 00 00 F8 00 00 00 F8 00 00 00 F8 00 00 00 
$02B0: F8 00 00 00 F8 00 00 00 F8 00 00 00 F8 00 00 00 
$02C0: F8 00 00 00 F8 00 00 00 F8 00 00 00 F8 00 00 00 
$02D0: F8 00 00 00 F8 00 00 00 F8 00 00 00 F8 00 00 00 
$02E0: F8 00 00 00 F8 00 00 00 F8 00 00 00 F8 00 00 00 
$02F0: F8 00 00 00 F8 00 00 00 F8 00 00 00 F8 00 00 00 

Page $0300-$03FF:
$0300: 00 00 0C 04 0F 17 17 0F 00 00 00 00 00 00 00 00 
$0310: 00 00 00 00 00 00 00 00 00 00 00 00 00 00 00 00 
$0320: 00 00 00 00 00 00 00 00 00 00 00 00 00 00 00 00 
$0330: 00 00 00 00 00 00 00 00 00 00 00 00 00 00 00 00 
$0340: 00 00 00 00 00 00 00 00 00 00 00 00 00 00 00 00 
$0350: 00 00 00 00 00 00 00 00 00 00 00 00 00 00 00 00 
$0360: 00 00 00 00 00 00 00 00 00 00 00 00 00 00 00 00 
$0370: 00 00 00 00 00 00 00 00 00 00 00 00 00 00 00 00 
$0380: 00 00 00 00 00 00 00 00 00 00 00 00 00 00 00 00 
$0390: 00 00 00 00 00 00 00 00 00 00 00 00 00 00 00 00 
$03A0: FF 00 00 00 00 00 00 00 00 00 00 00 00 28 00 00 
$03B0: 00 00 00 00 00 00 00 00 B0 00 00 00 00 00 00 00 
$03C0: 00 00 00 00 00 00 00 00 00 00 00 00 00 00 00 00 
$03D0: 00 00 00 00 00 00 00 00 00 00 00 00 00 00 00 00 
$03E0: 00 00 00 00 00 00 00 00 00 00 00 00 00 00 00 00 
$03F0: 00 00 00 00 00 00 00 00 00 00 00 00 00 00 00 00 

Page $0400-$04FF:
$0400: 00 00 00 00 00 00 00 00 00 00 00 00 00 00 00 00 
$0410: 00 00 00 00 00 00 00 00 00 00 00 00 00 00 00 00 
$0420: 00 00 00 00 00 00 00 00 00 00 00 00 00 00 00 00 
$0430: 00 00 00 00 00 00 00 00 00 00 00 00 00 00 00 00 
$0440: 00 00 00 00 00 00 00 00 00 00 00 00 00 00 00 00 
$0450: E8 00 00 00 00 00 18 00 00 00 00 00 00 00 00 00 
$0460: 00 00 00 00 00 00 00 00 00 00 00 00 00 00 00 00 
$0470: 00 00 00 00 00 00 00 00 00 00 00 00 00 00 00 00 
$0480: 00 00 00 00 00 00 00 00 00 00 00 00 00 00 00 00 
$0490: FF 00 00 00 00 00 00 00 00 01 00 00 00 00 00 00 
$04A0: 00 00 00 00 00 00 00 00 00 00 00 00 2B C4 35 D0 
$04B0: 00 00 00 00 00 00 00 00 00 00 00 00 00 00 00 00 
$04C0: 00 00 00 00 00 00 00 00 00 00 00 00 00 00 00 00 
$04D0: 00 00 00 00 00 00 00 00 00 00 00 00 00 00 00 00 
$04E0: 00 00 00 00 00 00 00 00 00 00 00 00 00 00 00 00 
$04F0: 00 00 00 00 00 00 00 00 00 00 00 00 00 00 00 00 

Page $0500-$05FF:
$0500: 00 00 00 00 00 00 00 00 00 00 00 00 00 00 00 00 
$0510: 00 00 00 00 00 00 00 00 00 00 00 00 00 00 00 00 
$0520: 00 00 00 00 00 00 00 00 00 00 00 00 00 00 00 00 
$0530: 00 00 00 00 00 00 00 00 00 00 00 00 00 00 00 00 
$0540: 00 00 00 00 00 00 00 00 00 00 00 00 00 00 00 00 
$0550: 00 00 00 00 00 00 00 00 00 00 00 00 00 00 00 00 
$0560: 00 00 00 00 00 00 00 00 00 00 00 00 00 00 00 00 
$0570: 00 00 00 00 00 00 00 00 00 00 00 00 00 00 00 00 
$0580: 00 00 00 00 00 00 00 00 00 00 00 00 00 00 00 00 
$0590: 00 00 00 00 00 00 00 00 00 00 00 00 00 00 00 00 
$05A0: 00 00 00 00 00 00 00 00 00 00 00 00 00 00 00 00 
$05B0: 54 54 54 54 54 54 54 54 54 54 54 54 54 54 54 54 
$05C0: 54 54 54 54 54 54 54 54 54 54 54 54 54 54 54 54 
$05D0: 00 00 00 00 00 00 00 00 00 00 00 00 00 00 00 00 
$05E0: 00 00 00 00 00 00 00 00 00 00 00 00 00 00 00 00 
$05F0: 00 00 00 00 00 00 00 00 00 00 00 00 00 00 00 00 

Page $0600-$06FF:
$0600: 00 00 00 00 00 00 C0 00 00 00 00 00 00 00 00 00 
$0610: 00 00 00 00 00 00 00 00 00 00 00 00 00 00 00 00 
$0620: 00 00 00 00 00 00 00 00 00 00 00 00 00 00 00 00 
$0630: 00 00 00 00 00 00 00 00 00 00 00 00 00 00 00 00 
$0640: C0 00 00 00 51 C1 51 C0 00 00 00 00 00 00 00 00 
$0650: 00 00 00 00 00 00 00 00 00 00 00 00 00 00 00 00 
$0660: 00 00 00 00 00 00 00 00 00 00 00 00 00 00 00 00 
$0670: 00 00 00 00 00 00 00 00 00 00 00 00 00 00 00 00 
$0680: 54 54 54 54 54 54 54 54 00 00 00 00 00 00 00 00 
$0690: 54 54 54 54 54 54 54 54 00 00 00 00 00 00 00 00 
$06A0: 18 00 00 00 00 00 00 00 C0 00 00 02 54 54 00 00 
$06B0: 00 00 00 00 00 00 00 00 00 00 00 00 00 00 00 00 
$06C0: 00 00 00 00 00 00 00 00 00 FF 00 00 00 00 00 00 
$06D0: 00 00 00 00 04 B8 00 00 00 00 00 00 00 00 00 00 
$06E0: 00 58 48 38 04 30 48 60 78 90 A8 C0 D8 E8 24 F8 
$06F0: FC 28 2C 90 98 A0 A8 B0 B8 C0 C8 D0 00 00 00 00 

Page $0700-$07FF:
$0700: 00 01 30 00 00 00 00 00 00 00 28 00 07 00 00 00 
$0710: 02 00 00 00 00 01 00 00 00 00 00 00 00 FF FF 00 
$0720: 24 90 01 00 00 01 08 01 00 00 01 00 0A 00 08 02 
$0730: FF FF 00 00 00 00 00 00 00 03 01 00 0E 00 00 00 
$0740: 00 00 02 00 00 00 00 00 00 00 00 00 00 00 01 05 
$0750: C2 00 00 00 01 28 00 00 00 00 02 00 00 00 00 00 
$0760: 00 02 00 00 00 00 00 00 00 00 00 00 00 00 00 00 
$0770: 00 00 03 00 00 00 00 00 10 1E 00 00 00 00 00 07 
$0780: 00 00 00 00 00 00 00 00 00 18 00 00 00 00 00 00 
$0790: 00 00 00 00 00 00 00 00 00 00 00 00 00 00 00 00 
$07A0: 00 00 0F 00 00 00 00 A2 41 05 87 8C 83 9A 00 00 
$07B0: 00 00 00 00 00 00 00 00 00 00 00 00 00 00 00 00 
$07C0: 00 00 00 00 00 00 00 00 00 00 00 00 00 00 00 00 
$07D0: 00 00 00 00 00 00 00 00 00 00 00 00 00 00 00 00 
$07E0: 00 00 00 00 00 00 00 00 00 00 00 00 00 00 00 00 
$07F0: 00 00 00 00 00 00 00 00 04 00 01 00 00 00 00 A5 

=== FRAME 220 ===
OperMode=0 FC=212 X=40 Y=176 Page=0 Speed=0 State=0

Zero Page ($00-$FF):
$00: 00 4F D0 01 00 28 20 00 05 D4 00 00 00 00 08 00 
$10: 00 00 00 00 00 00 00 00 00 00 00 00 00 00 00 00 
$20: 00 00 00 00 00 00 00 00 00 00 00 00 00 00 00 00 
$30: 00 00 00 01 00 00 00 00 00 00 00 00 00 00 00 00 
$40: 00 00 00 00 00 00 00 00 00 00 00 00 00 00 00 00 
$50: 00 00 00 00 00 00 00 00 00 00 00 00 00 00 00 00 
$60: 00 00 00 00 00 00 00 00 00 00 00 00 00 00 01 01 
$70: 01 01 01 00 00 00 00 00 00 00 00 00 00 00 00 00 
$80: 00 00 00 00 00 00 28 60 60 60 60 60 00 00 00 00 
$90: 00 00 00 00 00 00 00 00 00 00 00 00 00 00 00 00 
$A0: 00 00 00 00 00 00 00 00 00 00 00 00 00 00 00 00 
$B0: 00 00 00 00 00 01 01 00 00 00 00 00 00 00 00 00 
$C0: 00 00 00 00 00 00 00 00 00 00 00 00 00 00 B0 E0 
$D0: 00 00 00 00 00 00 00 00 00 00 00 00 00 00 00 00 
$E0: 00 00 00 00 00 00 00 90 A6 01 9F 13 00 00 00 00 
$F0: 00 00 00 00 00 00 00 00 00 00 00 80 00 00 00 00 

Page $0100-$01FF:
$0100: 00 00 00 00 00 00 00 00 00 00 00 00 00 00 00 00 
$0110: 00 00 00 00 00 00 00 00 00 00 00 00 00 00 00 00 
$0120: 00 00 00 00 00 00 00 00 00 00 00 00 00 00 00 00 
$0130: 00 00 00 00 00 00 00 00 00 00 00 00 00 00 00 00 
$0140: 00 00 00 00 00 00 00 00 00 00 00 00 00 00 00 00 
$0150: 00 00 00 00 00 00 00 00 00 00 00 00 00 00 00 00 
$0160: 00 00 00 00 FF FF FF FF 00 00 00 00 FF FF FF FF 
$0170: 00 00 00 00 FF FF FF FF 00 00 00 00 FF FF FF FF 
$0180: 00 00 00 00 FF FF FF FF 00 00 00 00 FF FF FF FF 
$0190: 00 00 00 00 FF FF FF FF 00 00 00 00 FF FF FF FF 
$01A0: 00 00 00 00 FF FF FF FF 00 00 00 00 FF FF FF FF 
$01B0: 00 00 00 00 FF FF FF FF 00 00 00 00 FF FF FF FF 
$01C0: 00 00 00 00 FF FF FF FF 00 00 00 00 FF FF FF FF 
$01D0: 00 00 00 00 FF FF FF FF 00 00 00 00 FF FF FF FF 
$01E0: 00 00 00 00 FF FF FF FF 00 00 00 00 FF 03 03 1D 
$01F0: F2 5F E6 EF 4F EF 66 AF C2 82 77 81 10 A5 57 80 

Page $0200-$02FF:
$0200: 18 FF 23 58 B0 FC 00 28 B0 FC 00 30 B8 FC 00 28 
$0210: B8 FC 00 30 C0 3A 00 28 C0 37 00 30 C8 4F 00 28 
$0220: C8 4F 40 30 F8 00 00 00 F8 00 00 00 F8 00 00 00 
$0230: F8 00 00 00 F8 00 00 00 F8 00 00 00 F8 00 00 00 
$0240: F8 00 00 00 F8 00 00 00 F8 00 00 00 F8 00 00 00 
$0250: F8 00 00 00 F8 00 00 00 F8 00 00 00 F8 00 00 00 
$0260: F8 00 00 00 F8 00 00 00 F8 00 00 00 F8 00 00 00 
$0270: F8 00 00 00 F8 00 00 00 F8 00 00 00 F8 00 00 00 
$0280: F8 00 00 00 F8 00 00 00 F8 00 00 00 F8 00 00 00 
$0290: F8 00 00 00 F8 00 00 00 F8 00 00 00 F8 00 00 00 
$02A0: F8 00 00 00 F8 00 00 00 F8 00 00 00 F8 00 00 00 
$02B0: F8 00 00 00 F8 00 00 00 F8 00 00 00 F8 00 00 00 
$02C0: F8 00 00 00 F8 00 00 00 F8 00 00 00 F8 00 00 00 
$02D0: F8 00 00 00 F8 00 00 00 F8 00 00 00 F8 00 00 00 
$02E0: F8 00 00 00 F8 00 00 00 F8 00 00 00 F8 00 00 00 
$02F0: F8 00 00 00 F8 00 00 00 F8 00 00 00 F8 00 00 00 

Page $0300-$03FF:
$0300: 00 00 0C 04 0F 07 17 0F 00 00 00 00 00 00 00 00 
$0310: 00 00 00 00 00 00 00 00 00 00 00 00 00 00 00 00 
$0320: 00 00 00 00 00 00 00 00 00 00 00 00 00 00 00 00 
$0330: 00 00 00 00 00 00 00 00 00 00 00 00 00 00 00 00 
$0340: 00 00 00 00 00 00 00 00 00 00 00 00 00 00 00 00 
$0350: 00 00 00 00 00 00 00 00 00 00 00 00 00 00 00 00 
$0360: 00 00 00 00 00 00 00 00 00 00 00 00 00 00 00 00 
$0370: 00 00 00 00 00 00 00 00 00 00 00 00 00 00 00 00 
$0380: 00 00 00 00 00 00 00 00 00 00 00 00 00 00 00 00 
$0390: 00 00 00 00 00 00 00 00 00 00 00 00 00 00 00 00 
$03A0: FF 00 00 00 00 00 00 00 00 00 00 00 00 28 00 00 
$03B0: 00 00 00 00 00 00 00 00 B0 00 00 00 00 00 00 00 
$03C0: 00 00 00 00 00 00 00 00 00 00 00 00 00 00 00 00 
$03D0: 00 00 00 00 00 00 00 00 00 00 00 00 00 00 00 00 
$03E0: 00 00 00 00 00 00 00 00 00 00 00 00 00 00 00 00 
$03F0: 00 00 00 00 00 00 00 00 00 00 00 00 00 00 00 00 

Page $0400-$04FF:
$0400: 00 00 00 00 00 00 00 00 00 00 00 00 00 00 00 00 
$0410: 00 00 00 00 00 00 00 00 00 00 00 00 00 00 00 00 
$0420: 00 00 00 00 00 00 00 00 00 00 00 00 00 00 00 00 
$0430: 00 00 00 00 00 00 00 00 00 00 00 00 00 00 00 00 
$0440: 00 00 00 00 00 00 00 00 00 00 00 00 00 00 00 00 
$0450: E8 00 00 00 00 00 18 00 00 00 00 00 00 00 00 00 
$0460: 00 00 00 00 00 00 00 00 00 00 00 00 00 00 00 00 
$0470: 00 00 00 00 00 00 00 00 00 00 00 00 00 00 00 00 
$0480: 00 00 00 00 00 00 00 00 00 00 00 00 00 00 00 00 
$0490: FF 00 00 00 00 00 00 00 00 01 00 00 00 00 00 00 
$04A0: 00 00 00 00 00 00 00 00 00 00 00 00 2B C4 35 D0 
$04B0: 00 00 00 00 00 00 00 00 00 00 00 00 00 00 00 00 
$04C0: 00 00 00 00 00 00 00 00 00 00 00 00 00 00 00 00 
$04D0: 00 00 00 00 00 00 00 00 00 00 00 00 00 00 00 00 
$04E0: 00 00 00 00 00 00 00 00 00 00 00 00 00 00 00 00 
$04F0: 00 00 00 00 00 00 00 00 00 00 00 00 00 00 00 00 

Page $0500-$05FF:
$0500: 00 00 00 00 00 00 00 00 00 00 00 00 00 00 00 00 
$0510: 00 00 00 00 00 00 00 00 00 00 00 00 00 00 00 00 
$0520: 00 00 00 00 00 00 00 00 00 00 00 00 00 00 00 00 
$0530: 00 00 00 00 00 00 00 00 00 00 00 00 00 00 00 00 
$0540: 00 00 00 00 00 00 00 00 00 00 00 00 00 00 00 00 
$0550: 00 00 00 00 00 00 00 00 00 00 00 00 00 00 00 00 
$0560: 00 00 00 00 00 00 00 00 00 00 00 00 00 00 00 00 
$0570: 00 00 00 00 00 00 00 00 00 00 00 00 00 00 00 00 
$0580: 00 00 00 00 00 00 00 00 00 00 00 00 00 00 00 00 
$0590: 00 00 00 00 00 00 00 00 00 00 00 00 00 00 00 00 
$05A0: 00 00 00 00 00 00 00 00 00 00 00 00 00 00 00 00 
$05B0: 54 54 54 54 54 54 54 54 54 54 54 54 54 54 54 54 
$05C0: 54 54 54 54 54 54 54 54 54 54 54 54 54 54 54 54 
$05D0: 00 00 00 00 00 00 00 00 00 00 00 00 00 00 00 00 
$05E0: 00 00 00 00 00 00 00 00 00 00 00 00 00 00 00 00 
$05F0: 00 00 00 00 00 00 00 00 00 00 00 00 00 00 00 00 

Page $0600-$06FF:
$0600: 00 00 00 00 00 00 C0 00 00 00 00 00 00 00 00 00 
$0610: 00 00 00 00 00 00 00 00 00 00 00 00 00 00 00 00 
$0620: 00 00 00 00 00 00 00 00 00 00 00 00 00 00 00 00 
$0630: 00 00 00 00 00 00 00 00 00 00 00 00 00 00 00 00 
$0640: C0 00 00 00 51 C1 51 C0 00 00 00 00 00 00 00 00 
$0650: 00 00 00 00 00 00 00 00 00 00 00 00 00 00 00 00 
$0660: 00 00 00 00 00 00 00 00 00 00 00 00 00 00 00 00 
$0670: 00 00 00 00 00 00 00 00 00 00 00 00 00 00 00 00 
$0680: 54 54 54 54 54 54 54 54 00 00 00 00 00 00 00 00 
$0690: 54 54 54 54 54 54 54 54 00 00 00 00 00 00 00 00 
$06A0: 18 00 00 00 00 00 00 00 C0 00 00 02 54 54 00 00 
$06B0: 00 00 00 00 00 00 00 00 00 00 00 00 00 00 00 00 
$06C0: 00 00 00 00 00 00 00 00 00 FF 00 00 00 00 00 00 
$06D0: 00 00 00 00 05 B8 00 00 00 00 00 00 00 00 00 00 
$06E0: 01 58 48 38 04 88 A0 B8 D0 E8 28 40 58 68 24 78 
$06F0: 7C 80 84 E8 F0 F8 28 30 38 40 48 50 00 00 00 00 

Page $0700-$07FF:
$0700: 00 01 30 00 00 00 00 00 00 00 28 00 07 00 00 00 
$0710: 02 00 00 00 00 01 00 00 00 00 00 00 00 FF FF 00 
$0720: 24 90 01 00 00 01 08 01 00 00 01 00 0A 00 08 02 
$0730: FF FF 00 00 00 00 00 00 00 03 01 00 0E 00 00 00 
$0740: 00 00 02 00 00 00 00 00 00 00 00 00 00 00 01 05 
$0750: C2 00 00 00 01 28 00 00 00 00 02 00 00 00 00 00 
$0760: 00 02 00 00 00 00 00 00 00 00 00 00 00 00 00 00 
$0770: 00 00 03 00 00 00 00 00 10 1E 00 00 00 00 00 12 
$0780: 00 00 00 00 00 00 00 00 00 18 00 00 00 00 00 00 
$0790: 00 00 00 00 00 00 00 00 00 00 00 00 00 00 00 00 
$07A0: 00 00 0E 00 00 00 00 7C 68 90 41 61 E3 20 00 00 
$07B0: 00 00 00 00 00 00 00 00 00 00 00 00 00 00 00 00 
$07C0: 00 00 00 00 00 00 00 00 00 00 00 00 00 00 00 00 
$07D0: 00 00 00 00 00 00 00 00 00 00 00 00 00 00 00 00 
$07E0: 00 00 00 00 00 00 00 00 00 00 00 00 00 00 00 00 
$07F0: 00 00 00 00 00 00 00 00 04 00 01 00 00 00 00 A5 

=== FRAME 250 ===
OperMode=0 FC=242 X=40 Y=176 Page=0 Speed=0 State=0

Zero Page ($00-$FF):
$00: 00 4F D0 01 00 28 20 00 05 F2 00 00 00 00 08 00 
$10: 00 00 00 00 00 00 00 00 00 00 00 00 00 00 00 00 
$20: 00 00 00 00 00 00 00 00 00 00 00 00 00 00 00 00 
$30: 00 00 00 01 00 00 00 00 00 00 00 00 00 00 00 00 
$40: 00 00 00 00 00 00 00 00 00 00 00 00 00 00 00 00 
$50: 00 00 00 00 00 00 00 00 00 00 00 00 00 00 00 00 
$60: 00 00 00 00 00 00 00 00 00 00 00 00 00 00 01 01 
$70: 01 01 01 00 00 00 00 00 00 00 00 00 00 00 00 00 
$80: 00 00 00 00 00 00 28 60 60 60 60 60 00 00 00 00 
$90: 00 00 00 00 00 00 00 00 00 00 00 00 00 00 00 00 
$A0: 00 00 00 00 00 00 00 00 00 00 00 00 00 00 00 00 
$B0: 00 00 00 00 00 01 01 00 00 00 00 00 00 00 00 00 
$C0: 00 00 00 00 00 00 00 00 00 00 00 00 00 00 B0 E0 
$D0: 00 00 00 00 00 00 00 00 00 00 00 00 00 00 00 00 
$E0: 00 00 00 00 00 00 00 90 A6 01 9F 13 00 00 00 00 
$F0: 00 00 00 00 00 00 00 00 00 00 00 80 00 00 00 00 

Page $0100-$01FF:
$0100: 00 00 00 00 00 00 00 00 00 00 00 00 00 00 00 00 
$0110: 00 00 00 00 00 00 00 00 00 00 00 00 00 00 00 00 
$0120: 00 00 00 00 00 00 00 00 00 00 00 00 00 00 00 00 
$0130: 00 00 00 00 00 00 00 00 00 00 00 00 00 00 00 00 
$0140: 00 00 00 00 00 00 00 00 00 00 00 00 00 00 00 00 
$0150: 00 00 00 00 00 00 00 00 00 00 00 00 00 00 00 00 
$0160: 00 00 00 00 FF FF FF FF 00 00 00 00 FF FF FF FF 
$0170: 00 00 00 00 FF FF FF FF 00 00 00 00 FF FF FF FF 
$0180: 00 00 00 00 FF FF FF FF 00 00 00 00 FF FF FF FF 
$0190: 00 00 00 00 FF FF FF FF 00 00 00 00 FF FF FF FF 
$01A0: 00 00 00 00 FF FF FF FF 00 00 00 00 FF FF FF FF 
$01B0: 00 00 00 00 FF FF FF FF 00 00 00 00 FF FF FF FF 
$01C0: 00 00 00 00 FF FF FF FF 00 00 00 00 FF FF FF FF 
$01D0: 00 00 00 00 FF FF FF FF 00 00 00 00 FF FF FF FF 
$01E0: 00 00 00 00 FF FF FF FF 00 00 00 00 FF 03 03 1D 
$01F0: F2 5F E6 EF 4F EF 66 AF C2 82 77 81 10 A5 57 80 

Page $0200-$02FF:
$0200: 18 FF 23 58 B0 FC 00 28 B0 FC 00 30 B8 FC 00 28 
$0210: B8 FC 00 30 C0 3A 00 28 C0 37 00 30 C8 4F 00 28 
$0220: C8 4F 40 30 F8 00 00 00 F8 00 00 00 F8 00 00 00 
$0230: F8 00 00 00 F8 00 00 00 F8 00 00 00 F8 00 00 00 
$0240: F8 00 00 00 F8 00 00 00 F8 00 00 00 F8 00 00 00 
$0250: F8 00 00 00 F8 00 00 00 F8 00 00 00 F8 00 00 00 
$0260: F8 00 00 00 F8 00 00 00 F8 00 00 00 F8 00 00 00 
$0270: F8 00 00 00 F8 00 00 00 F8 00 00 00 F8 00 00 00 
$0280: F8 00 00 00 F8 00 00 00 F8 00 00 00 F8 00 00 00 
$0290: F8 00 00 00 F8 00 00 00 F8 00 00 00 F8 00 00 00 
$02A0: F8 00 00 00 F8 00 00 00 F8 00 00 00 F8 00 00 00 
$02B0: F8 00 00 00 F8 00 00 00 F8 00 00 00 F8 00 00 00 
$02C0: F8 00 00 00 F8 00 00 00 F8 00 00 00 F8 00 00 00 
$02D0: F8 00 00 00 F8 00 00 00 F8 00 00 00 F8 00 00 00 
$02E0: F8 00 00 00 F8 00 00 00 F8 00 00 00 F8 00 00 00 
$02F0: F8 00 00 00 F8 00 00 00 F8 00 00 00 F8 00 00 00 

Page $0300-$03FF:
$0300: 00 00 0C 04 0F 27 17 0F 00 00 00 00 00 00 00 00 
$0310: 00 00 00 00 00 00 00 00 00 00 00 00 00 00 00 00 
$0320: 00 00 00 00 00 00 00 00 00 00 00 00 00 00 00 00 
$0330: 00 00 00 00 00 00 00 00 00 00 00 00 00 00 00 00 
$0340: 00 00 00 00 00 00 00 00 00 00 00 00 00 00 00 00 
$0350: 00 00 00 00 00 00 00 00 00 00 00 00 00 00 00 00 
$0360: 00 00 00 00 00 00 00 00 00 00 00 00 00 00 00 00 
$0370: 00 00 00 00 00 00 00 00 00 00 00 00 00 00 00 00 
$0380: 00 00 00 00 00 00 00 00 00 00 00 00 00 00 00 00 
$0390: 00 00 00 00 00 00 00 00 00 00 00 00 00 00 00 00 
$03A0: FF 00 00 00 00 00 00 00 00 00 00 00 00 28 00 00 
$03B0: 00 00 00 00 00 00 00 00 B0 00 00 00 00 00 00 00 
$03C0: 00 00 00 00 00 00 00 00 00 00 00 00 00 00 00 00 
$03D0: 00 00 00 00 00 00 00 00 00 00 00 00 00 00 00 00 
$03E0: 00 00 00 00 00 00 00 00 00 00 00 00 00 00 00 00 
$03F0: 00 00 00 00 00 00 00 00 00 00 00 00 00 00 00 00 

Page $0400-$04FF:
$0400: 00 00 00 00 00 00 00 00 00 00 00 00 00 00 00 00 
$0410: 00 00 00 00 00 00 00 00 00 00 00 00 00 00 00 00 
$0420: 00 00 00 00 00 00 00 00 00 00 00 00 00 00 00 00 
$0430: 00 00 00 00 00 00 00 00 00 00 00 00 00 00 00 00 
$0440: 00 00 00 00 00 00 00 00 00 00 00 00 00 00 00 00 
$0450: E8 00 00 00 00 00 18 00 00 00 00 00 00 00 00 00 
$0460: 00 00 00 00 00 00 00 00 00 00 00 00 00 00 00 00 
$0470: 00 00 00 00 00 00 00 00 00 00 00 00 00 00 00 00 
$0480: 00 00 00 00 00 00 00 00 00 00 00 00 00 00 00 00 
$0490: FF 00 00 00 00 00 00 00 00 01 00 00 00 00 00 00 
$04A0: 00 00 00 00 00 00 00 00 00 00 00 00 2B C4 35 D0 
$04B0: 00 00 00 00 00 00 00 00 00 00 00 00 00 00 00 00 
$04C0: 00 00 00 00 00 00 00 00 00 00 00 00 00 00 00 00 
$04D0: 00 00 00 00 00 00 00 00 00 00 00 00 00 00 00 00 
$04E0: 00 00 00 00 00 00 00 00 00 00 00 00 00 00 00 00 
$04F0: 00 00 00 00 00 00 00 00 00 00 00 00 00 00 00 00 

Page $0500-$05FF:
$0500: 00 00 00 00 00 00 00 00 00 00 00 00 00 00 00 00 
$0510: 00 00 00 00 00 00 00 00 00 00 00 00 00 00 00 00 
$0520: 00 00 00 00 00 00 00 00 00 00 00 00 00 00 00 00 
$0530: 00 00 00 00 00 00 00 00 00 00 00 00 00 00 00 00 
$0540: 00 00 00 00 00 00 00 00 00 00 00 00 00 00 00 00 
$0550: 00 00 00 00 00 00 00 00 00 00 00 00 00 00 00 00 
$0560: 00 00 00 00 00 00 00 00 00 00 00 00 00 00 00 00 
$0570: 00 00 00 00 00 00 00 00 00 00 00 00 00 00 00 00 
$0580: 00 00 00 00 00 00 00 00 00 00 00 00 00 00 00 00 
$0590: 00 00 00 00 00 00 00 00 00 00 00 00 00 00 00 00 
$05A0: 00 00 00 00 00 00 00 00 00 00 00 00 00 00 00 00 
$05B0: 54 54 54 54 54 54 54 54 54 54 54 54 54 54 54 54 
$05C0: 54 54 54 54 54 54 54 54 54 54 54 54 54 54 54 54 
$05D0: 00 00 00 00 00 00 00 00 00 00 00 00 00 00 00 00 
$05E0: 00 00 00 00 00 00 00 00 00 00 00 00 00 00 00 00 
$05F0: 00 00 00 00 00 00 00 00 00 00 00 00 00 00 00 00 

Page $0600-$06FF:
$0600: 00 00 00 00 00 00 C0 00 00 00 00 00 00 00 00 00 
$0610: 00 00 00 00 00 00 00 00 00 00 00 00 00 00 00 00 
$0620: 00 00 00 00 00 00 00 00 00 00 00 00 00 00 00 00 
$0630: 00 00 00 00 00 00 00 00 00 00 00 00 00 00 00 00 
$0640: C0 00 00 00 51 C1 51 C0 00 00 00 00 00 00 00 00 
$0650: 00 00 00 00 00 00 00 00 00 00 00 00 00 00 00 00 
$0660: 00 00 00 00 00 00 00 00 00 00 00 00 00 00 00 00 
$0670: 00 00 00 00 00 00 00 00 00 00 00 00 00 00 00 00 
$0680: 54 54 54 54 54 54 54 54 00 00 00 00 00 00 00 00 
$0690: 54 54 54 54 54 54 54 54 00 00 00 00 00 00 00 00 
$06A0: 18 00 00 00 00 00 00 00 C0 00 00 02 54 54 00 00 
$06B0: 00 00 00 00 00 00 00 00 00 00 00 00 00 00 00 00 
$06C0: 00 00 00 00 00 00 00 00 00 FF 00 00 00 00 00 00 
$06D0: 00 00 00 00 03 B8 00 00 00 00 00 00 00 00 00 00 
$06E0: 01 58 48 38 04 88 A0 B8 D0 E8 28 40 58 68 24 78 
$06F0: 7C 80 84 E8 F0 F8 28 30 38 40 48 50 00 00 00 00 

Page $0700-$07FF:
$0700: 00 01 30 00 00 00 00 00 00 00 28 00 07 00 00 00 
$0710: 02 00 00 00 00 01 00 00 00 00 00 00 00 FF FF 00 
$0720: 24 90 01 00 00 01 08 01 00 00 01 00 0A 00 08 02 
$0730: FF FF 00 00 00 00 00 00 00 03 01 00 0E 00 00 00 
$0740: 00 00 02 00 00 00 00 00 00 00 00 00 00 00 01 05 
$0750: C2 00 00 00 01 28 00 00 00 00 02 00 00 00 00 00 
$0760: 00 02 00 00 00 00 00 00 00 00 00 00 00 00 00 00 
$0770: 00 00 03 00 00 00 00 00 10 1E 00 00 00 00 00 09 
$0780: 00 00 00 00 00 00 00 00 00 18 00 00 00 00 00 00 
$0790: 00 00 00 00 00 00 00 00 00 00 00 00 00 00 00 00 
$07A0: 00 00 0D 00 00 00 00 C7 62 EC 29 F1 A2 41 00 00 
$07B0: 00 00 00 00 00 00 00 00 00 00 00 00 00 00 00 00 
$07C0: 00 00 00 00 00 00 00 00 00 00 00 00 00 00 00 00 
$07D0: 00 00 00 00 00 00 00 00 00 00 00 00 00 00 00 00 
$07E0: 00 00 00 00 00 00 00 00 00 00 00 00 00 00 00 00 
$07F0: 00 00 00 00 00 00 00 00 04 00 01 00 00 00 00 A5 

=== FRAME 300 ===
OperMode=0 FC=36 X=40 Y=176 Page=0 Speed=0 State=0

Zero Page ($00-$FF):
$00: 00 4F D0 01 00 28 20 00 05 24 00 00 00 00 08 00 
$10: 00 00 00 00 00 00 00 00 00 00 00 00 00 00 00 00 
$20: 00 00 00 00 00 00 00 00 00 00 00 00 00 00 00 00 
$30: 00 00 00 01 00 00 00 00 00 00 00 00 00 00 00 00 
$40: 00 00 00 00 00 00 00 00 00 00 00 00 00 00 00 00 
$50: 00 00 00 00 00 00 00 00 00 00 00 00 00 00 00 00 
$60: 00 00 00 00 00 00 00 00 00 00 00 00 00 00 01 01 
$70: 01 01 01 00 00 00 00 00 00 00 00 00 00 00 00 00 
$80: 00 00 00 00 00 00 28 60 60 60 60 60 00 00 00 00 
$90: 00 00 00 00 00 00 00 00 00 00 00 00 00 00 00 00 
$A0: 00 00 00 00 00 00 00 00 00 00 00 00 00 00 00 00 
$B0: 00 00 00 00 00 01 01 00 00 00 00 00 00 00 00 00 
$C0: 00 00 00 00 00 00 00 00 00 00 00 00 00 00 B0 E0 
$D0: 00 00 00 00 00 00 00 00 00 00 00 00 00 00 00 00 
$E0: 00 00 00 00 00 00 00 90 A6 01 9F 13 00 00 00 00 
$F0: 00 00 00 00 00 00 00 00 00 00 00 80 00 00 00 00 

Page $0100-$01FF:
$0100: 00 00 00 00 00 00 00 00 00 00 00 00 00 00 00 00 
$0110: 00 00 00 00 00 00 00 00 00 00 00 00 00 00 00 00 
$0120: 00 00 00 00 00 00 00 00 00 00 00 00 00 00 00 00 
$0130: 00 00 00 00 00 00 00 00 00 00 00 00 00 00 00 00 
$0140: 00 00 00 00 00 00 00 00 00 00 00 00 00 00 00 00 
$0150: 00 00 00 00 00 00 00 00 00 00 00 00 00 00 00 00 
$0160: 00 00 00 00 FF FF FF FF 00 00 00 00 FF FF FF FF 
$0170: 00 00 00 00 FF FF FF FF 00 00 00 00 FF FF FF FF 
$0180: 00 00 00 00 FF FF FF FF 00 00 00 00 FF FF FF FF 
$0190: 00 00 00 00 FF FF FF FF 00 00 00 00 FF FF FF FF 
$01A0: 00 00 00 00 FF FF FF FF 00 00 00 00 FF FF FF FF 
$01B0: 00 00 00 00 FF FF FF FF 00 00 00 00 FF FF FF FF 
$01C0: 00 00 00 00 FF FF FF FF 00 00 00 00 FF FF FF FF 
$01D0: 00 00 00 00 FF FF FF FF 00 00 00 00 FF FF FF FF 
$01E0: 00 00 00 00 FF FF FF FF 00 00 00 00 FF 03 03 1D 
$01F0: F2 5F E6 EF 4F EF 66 AF C2 82 77 81 10 A5 57 80 

Page $0200-$02FF:
$0200: 18 FF 23 58 B0 FC 00 28 B0 FC 00 30 B8 FC 00 28 
$0210: B8 FC 00 30 C0 3A 00 28 C0 37 00 30 C8 4F 00 28 
$0220: C8 4F 40 30 F8 00 00 00 F8 00 00 00 F8 00 00 00 
$0230: F8 00 00 00 F8 00 00 00 F8 00 00 00 F8 00 00 00 
$0240: F8 00 00 00 F8 00 00 00 F8 00 00 00 F8 00 00 00 
$0250: F8 00 00 00 F8 00 00 00 F8 00 00 00 F8 00 00 00 
$0260: F8 00 00 00 F8 00 00 00 F8 00 00 00 F8 00 00 00 
$0270: F8 00 00 00 F8 00 00 00 F8 00 00 00 F8 00 00 00 
$0280: F8 00 00 00 F8 00 00 00 F8 00 00 00 F8 00 00 00 
$0290: F8 00 00 00 F8 00 00 00 F8 00 00 00 F8 00 00 00 
$02A0: F8 00 00 00 F8 00 00 00 F8 00 00 00 F8 00 00 00 
$02B0: F8 00 00 00 F8 00 00 00 F8 00 00 00 F8 00 00 00 
$02C0: F8 00 00 00 F8 00 00 00 F8 00 00 00 F8 00 00 00 
$02D0: F8 00 00 00 F8 00 00 00 F8 00 00 00 F8 00 00 00 
$02E0: F8 00 00 00 F8 00 00 00 F8 00 00 00 F8 00 00 00 
$02F0: F8 00 00 00 F8 00 00 00 F8 00 00 00 F8 00 00 00 

Page $0300-$03FF:
$0300: 00 00 0C 04 0F 27 17 0F 00 00 00 00 00 00 00 00 
$0310: 00 00 00 00 00 00 00 00 00 00 00 00 00 00 00 00 
$0320: 00 00 00 00 00 00 00 00 00 00 00 00 00 00 00 00 
$0330: 00 00 00 00 00 00 00 00 00 00 00 00 00 00 00 00 
$0340: 00 00 00 00 00 00 00 00 00 00 00 00 00 00 00 00 
$0350: 00 00 00 00 00 00 00 00 00 00 00 00 00 00 00 00 
$0360: 00 00 00 00 00 00 00 00 00 00 00 00 00 00 00 00 
$0370: 00 00 00 00 00 00 00 00 00 00 00 00 00 00 00 00 
$0380: 00 00 00 00 00 00 00 00 00 00 00 00 00 00 00 00 
$0390: 00 00 00 00 00 00 00 00 00 00 00 00 00 00 00 00 
$03A0: FF 00 00 00 00 00 00 00 00 00 00 00 00 28 00 00 
$03B0: 00 00 00 00 00 00 00 00 B0 00 00 00 00 00 00 00 
$03C0: 00 00 00 00 00 00 00 00 00 00 00 00 00 00 00 00 
$03D0: 00 00 00 00 00 00 00 00 00 00 00 00 00 00 00 00 
$03E0: 00 00 00 00 00 00 00 00 00 00 00 00 00 00 00 00 
$03F0: 00 00 00 00 00 00 00 00 00 00 00 00 00 00 00 00 

Page $0400-$04FF:
$0400: 00 00 00 00 00 00 00 00 00 00 00 00 00 00 00 00 
$0410: 00 00 00 00 00 00 00 00 00 00 00 00 00 00 00 00 
$0420: 00 00 00 00 00 00 00 00 00 00 00 00 00 00 00 00 
$0430: 00 00 00 00 00 00 00 00 00 00 00 00 00 00 00 00 
$0440: 00 00 00 00 00 00 00 00 00 00 00 00 00 00 00 00 
$0450: E8 00 00 00 00 00 18 00 00 00 00 00 00 00 00 00 
$0460: 00 00 00 00 00 00 00 00 00 00 00 00 00 00 00 00 
$0470: 00 00 00 00 00 00 00 00 00 00 00 00 00 00 00 00 
$0480: 00 00 00 00 00 00 00 00 00 00 00 00 00 00 00 00 
$0490: FF 00 00 00 00 00 00 00 00 01 00 00 00 00 00 00 
$04A0: 00 00 00 00 00 00 00 00 00 00 00 00 2B C4 35 D0 
$04B0: 00 00 00 00 00 00 00 00 00 00 00 00 00 00 00 00 
$04C0: 00 00 00 00 00 00 00 00 00 00 00 00 00 00 00 00 
$04D0: 00 00 00 00 00 00 00 00 00 00 00 00 00 00 00 00 
$04E0: 00 00 00 00 00 00 00 00 00 00 00 00 00 00 00 00 
$04F0: 00 00 00 00 00 00 00 00 00 00 00 00 00 00 00 00 

Page $0500-$05FF:
$0500: 00 00 00 00 00 00 00 00 00 00 00 00 00 00 00 00 
$0510: 00 00 00 00 00 00 00 00 00 00 00 00 00 00 00 00 
$0520: 00 00 00 00 00 00 00 00 00 00 00 00 00 00 00 00 
$0530: 00 00 00 00 00 00 00 00 00 00 00 00 00 00 00 00 
$0540: 00 00 00 00 00 00 00 00 00 00 00 00 00 00 00 00 
$0550: 00 00 00 00 00 00 00 00 00 00 00 00 00 00 00 00 
$0560: 00 00 00 00 00 00 00 00 00 00 00 00 00 00 00 00 
$0570: 00 00 00 00 00 00 00 00 00 00 00 00 00 00 00 00 
$0580: 00 00 00 00 00 00 00 00 00 00 00 00 00 00 00 00 
$0590: 00 00 00 00 00 00 00 00 00 00 00 00 00 00 00 00 
$05A0: 00 00 00 00 00 00 00 00 00 00 00 00 00 00 00 00 
$05B0: 54 54 54 54 54 54 54 54 54 54 54 54 54 54 54 54 
$05C0: 54 54 54 54 54 54 54 54 54 54 54 54 54 54 54 54 
$05D0: 00 00 00 00 00 00 00 00 00 00 00 00 00 00 00 00 
$05E0: 00 00 00 00 00 00 00 00 00 00 00 00 00 00 00 00 
$05F0: 00 00 00 00 00 00 00 00 00 00 00 00 00 00 00 00 

Page $0600-$06FF:
$0600: 00 00 00 00 00 00 C0 00 00 00 00 00 00 00 00 00 
$0610: 00 00 00 00 00 00 00 00 00 00 00 00 00 00 00 00 
$0620: 00 00 00 00 00 00 00 00 00 00 00 00 00 00 00 00 
$0630: 00 00 00 00 00 00 00 00 00 00 00 00 00 00 00 00 
$0640: C0 00 00 00 51 C1 51 C0 00 00 00 00 00 00 00 00 
$0650: 00 00 00 00 00 00 00 00 00 00 00 00 00 00 00 00 
$0660: 00 00 00 00 00 00 00 00 00 00 00 00 00 00 00 00 
$0670: 00 00 00 00 00 00 00 00 00 00 00 00 00 00 00 00 
$0680: 54 54 54 54 54 54 54 54 00 00 00 00 00 00 00 00 
$0690: 54 54 54 54 54 54 54 54 00 00 00 00 00 00 00 00 
$06A0: 18 00 00 00 00 00 00 00 C0 00 00 02 54 54 00 00 
$06B0: 00 00 00 00 00 00 00 00 00 00 00 00 00 00 00 00 
$06C0: 00 00 00 00 00 00 00 00 00 FF 00 00 00 00 00 00 
$06D0: 00 00 00 00 03 B8 00 00 00 00 00 00 00 00 00 00 
$06E0: 00 58 48 38 04 30 48 60 78 90 A8 C0 D8 E8 24 F8 
$06F0: FC 28 2C 90 98 A0 A8 B0 B8 C0 C8 D0 00 00 00 00 

Page $0700-$07FF:
$0700: 00 01 30 00 00 00 00 00 00 00 28 00 07 00 00 00 
$0710: 02 00 00 00 00 01 00 00 00 00 00 00 00 FF FF 00 
$0720: 24 90 01 00 00 01 08 01 00 00 01 00 0A 00 08 02 
$0730: FF FF 00 00 00 00 00 00 00 03 01 00 0E 00 00 00 
$0740: 00 00 02 00 00 00 00 00 00 00 00 00 00 00 01 05 
$0750: C2 00 00 00 01 28 00 00 00 00 02 00 00 00 00 00 
$0760: 00 02 00 00 00 00 00 00 00 00 00 00 00 00 00 00 
$0770: 00 00 03 00 00 00 00 00 10 1E 00 00 00 00 00 01 
$0780: 00 00 00 00 00 00 00 00 00 18 00 00 00 00 00 00 
$0790: 00 00 00 00 00 00 00 00 00 00 00 00 00 00 00 00 
$07A0: 00 00 0B 00 00 00 00 3B 9B EC DB 02 B4 B1 00 00 
$07B0: 00 00 00 00 00 00 00 00 00 00 00 00 00 00 00 00 
$07C0: 00 00 00 00 00 00 00 00 00 00 00 00 00 00 00 00 
$07D0: 00 00 00 00 00 00 00 00 00 00 00 00 00 00 00 00 
$07E0: 00 00 00 00 00 00 00 00 00 00 00 00 00 00 00 00 
$07F0: 00 00 00 00 00 00 00 00 04 00 01 00 00 00 00 A5 

=== FRAME 350 ===
OperMode=0 FC=86 X=40 Y=176 Page=0 Speed=0 State=0

Zero Page ($00-$FF):
$00: 00 4F D0 01 00 28 20 00 05 56 00 00 00 00 08 00 
$10: 00 00 00 00 00 00 00 00 00 00 00 00 00 00 00 00 
$20: 00 00 00 00 00 00 00 00 00 00 00 00 00 00 00 00 
$30: 00 00 00 01 00 00 00 00 00 00 00 00 00 00 00 00 
$40: 00 00 00 00 00 00 00 00 00 00 00 00 00 00 00 00 
$50: 00 00 00 00 00 00 00 00 00 00 00 00 00 00 00 00 
$60: 00 00 00 00 00 00 00 00 00 00 00 00 00 00 01 01 
$70: 01 01 01 00 00 00 00 00 00 00 00 00 00 00 00 00 
$80: 00 00 00 00 00 00 28 60 60 60 60 60 00 00 00 00 
$90: 00 00 00 00 00 00 00 00 00 00 00 00 00 00 00 00 
$A0: 00 00 00 00 00 00 00 00 00 00 00 00 00 00 00 00 
$B0: 00 00 00 00 00 01 01 00 00 00 00 00 00 00 00 00 
$C0: 00 00 00 00 00 00 00 00 00 00 00 00 00 00 B0 E0 
$D0: 00 00 00 00 00 00 00 00 00 00 00 00 00 00 00 00 
$E0: 00 00 00 00 00 00 00 90 A6 01 9F 13 00 00 00 00 
$F0: 00 00 00 00 00 00 00 00 00 00 00 80 00 00 00 00 

Page $0100-$01FF:
$0100: 00 00 00 00 00 00 00 00 00 00 00 00 00 00 00 00 
$0110: 00 00 00 00 00 00 00 00 00 00 00 00 00 00 00 00 
$0120: 00 00 00 00 00 00 00 00 00 00 00 00 00 00 00 00 
$0130: 00 00 00 00 00 00 00 00 00 00 00 00 00 00 00 00 
$0140: 00 00 00 00 00 00 00 00 00 00 00 00 00 00 00 00 
$0150: 00 00 00 00 00 00 00 00 00 00 00 00 00 00 00 00 
$0160: 00 00 00 00 FF FF FF FF 00 00 00 00 FF FF FF FF 
$0170: 00 00 00 00 FF FF FF FF 00 00 00 00 FF FF FF FF 
$0180: 00 00 00 00 FF FF FF FF 00 00 00 00 FF FF FF FF 
$0190: 00 00 00 00 FF FF FF FF 00 00 00 00 FF FF FF FF 
$01A0: 00 00 00 00 FF FF FF FF 00 00 00 00 FF FF FF FF 
$01B0: 00 00 00 00 FF FF FF FF 00 00 00 00 FF FF FF FF 
$01C0: 00 00 00 00 FF FF FF FF 00 00 00 00 FF FF FF FF 
$01D0: 00 00 00 00 FF FF FF FF 00 00 00 00 FF FF FF FF 
$01E0: 00 00 00 00 FF FF FF FF 00 00 00 00 FF 03 03 1D 
$01F0: F2 5F E6 EF 4F EF 66 AF C2 82 77 81 10 A5 57 80 

Page $0200-$02FF:
$0200: 18 FF 23 58 B0 FC 00 28 B0 FC 00 30 B8 FC 00 28 
$0210: B8 FC 00 30 C0 3A 00 28 C0 37 00 30 C8 4F 00 28 
$0220: C8 4F 40 30 F8 00 00 00 F8 00 00 00 F8 00 00 00 
$0230: F8 00 00 00 F8 00 00 00 F8 00 00 00 F8 00 00 00 
$0240: F8 00 00 00 F8 00 00 00 F8 00 00 00 F8 00 00 00 
$0250: F8 00 00 00 F8 00 00 00 F8 00 00 00 F8 00 00 00 
$0260: F8 00 00 00 F8 00 00 00 F8 00 00 00 F8 00 00 00 
$0270: F8 00 00 00 F8 00 00 00 F8 00 00 00 F8 00 00 00 
$0280: F8 00 00 00 F8 00 00 00 F8 00 00 00 F8 00 00 00 
$0290: F8 00 00 00 F8 00 00 00 F8 00 00 00 F8 00 00 00 
$02A0: F8 00 00 00 F8 00 00 00 F8 00 00 00 F8 00 00 00 
$02B0: F8 00 00 00 F8 00 00 00 F8 00 00 00 F8 00 00 00 
$02C0: F8 00 00 00 F8 00 00 00 F8 00 00 00 F8 00 00 00 
$02D0: F8 00 00 00 F8 00 00 00 F8 00 00 00 F8 00 00 00 
$02E0: F8 00 00 00 F8 00 00 00 F8 00 00 00 F8 00 00 00 
$02F0: F8 00 00 00 F8 00 00 00 F8 00 00 00 F8 00 00 00 

Page $0300-$03FF:
$0300: 00 00 0C 04 0F 27 17 0F 00 00 00 00 00 00 00 00 
$0310: 00 00 00 00 00 00 00 00 00 00 00 00 00 00 00 00 
$0320: 00 00 00 00 00 00 00 00 00 00 00 00 00 00 00 00 
$0330: 00 00 00 00 00 00 00 00 00 00 00 00 00 00 00 00 
$0340: 00 00 00 00 00 00 00 00 00 00 00 00 00 00 00 00 
$0350: 00 00 00 00 00 00 00 00 00 00 00 00 00 00 00 00 
$0360: 00 00 00 00 00 00 00 00 00 00 00 00 00 00 00 00 
$0370: 00 00 00 00 00 00 00 00 00 00 00 00 00 00 00 00 
$0380: 00 00 00 00 00 00 00 00 00 00 00 00 00 00 00 00 
$0390: 00 00 00 00 00 00 00 00 00 00 00 00 00 00 00 00 
$03A0: FF 00 00 00 00 00 00 00 00 00 00 00 00 28 00 00 
$03B0: 00 00 00 00 00 00 00 00 B0 00 00 00 00 00 00 00 
$03C0: 00 00 00 00 00 00 00 00 00 00 00 00 00 00 00 00 
$03D0: 00 00 00 00 00 00 00 00 00 00 00 00 00 00 00 00 
$03E0: 00 00 00 00 00 00 00 00 00 00 00 00 00 00 00 00 
$03F0: 00 00 00 00 00 00 00 00 00 00 00 00 00 00 00 00 

Page $0400-$04FF:
$0400: 00 00 00 00 00 00 00 00 00 00 00 00 00 00 00 00 
$0410: 00 00 00 00 00 00 00 00 00 00 00 00 00 00 00 00 
$0420: 00 00 00 00 00 00 00 00 00 00 00 00 00 00 00 00 
$0430: 00 00 00 00 00 00 00 00 00 00 00 00 00 00 00 00 
$0440: 00 00 00 00 00 00 00 00 00 00 00 00 00 00 00 00 
$0450: E8 00 00 00 00 00 18 00 00 00 00 00 00 00 00 00 
$0460: 00 00 00 00 00 00 00 00 00 00 00 00 00 00 00 00 
$0470: 00 00 00 00 00 00 00 00 00 00 00 00 00 00 00 00 
$0480: 00 00 00 00 00 00 00 00 00 00 00 00 00 00 00 00 
$0490: FF 00 00 00 00 00 00 00 00 01 00 00 00 00 00 00 
$04A0: 00 00 00 00 00 00 00 00 00 00 00 00 2B C4 35 D0 
$04B0: 00 00 00 00 00 00 00 00 00 00 00 00 00 00 00 00 
$04C0: 00 00 00 00 00 00 00 00 00 00 00 00 00 00 00 00 
$04D0: 00 00 00 00 00 00 00 00 00 00 00 00 00 00 00 00 
$04E0: 00 00 00 00 00 00 00 00 00 00 00 00 00 00 00 00 
$04F0: 00 00 00 00 00 00 00 00 00 00 00 00 00 00 00 00 

Page $0500-$05FF:
$0500: 00 00 00 00 00 00 00 00 00 00 00 00 00 00 00 00 
$0510: 00 00 00 00 00 00 00 00 00 00 00 00 00 00 00 00 
$0520: 00 00 00 00 00 00 00 00 00 00 00 00 00 00 00 00 
$0530: 00 00 00 00 00 00 00 00 00 00 00 00 00 00 00 00 
$0540: 00 00 00 00 00 00 00 00 00 00 00 00 00 00 00 00 
$0550: 00 00 00 00 00 00 00 00 00 00 00 00 00 00 00 00 
$0560: 00 00 00 00 00 00 00 00 00 00 00 00 00 00 00 00 
$0570: 00 00 00 00 00 00 00 00 00 00 00 00 00 00 00 00 
$0580: 00 00 00 00 00 00 00 00 00 00 00 00 00 00 00 00 
$0590: 00 00 00 00 00 00 00 00 00 00 00 00 00 00 00 00 
$05A0: 00 00 00 00 00 00 00 00 00 00 00 00 00 00 00 00 
$05B0: 54 54 54 54 54 54 54 54 54 54 54 54 54 54 54 54 
$05C0: 54 54 54 54 54 54 54 54 54 54 54 54 54 54 54 54 
$05D0: 00 00 00 00 00 00 00 00 00 00 00 00 00 00 00 00 
$05E0: 00 00 00 00 00 00 00 00 00 00 00 00 00 00 00 00 
$05F0: 00 00 00 00 00 00 00 00 00 00 00 00 00 00 00 00 

Page $0600-$06FF:
$0600: 00 00 00 00 00 00 C0 00 00 00 00 00 00 00 00 00 
$0610: 00 00 00 00 00 00 00 00 00 00 00 00 00 00 00 00 
$0620: 00 00 00 00 00 00 00 00 00 00 00 00 00 00 00 00 
$0630: 00 00 00 00 00 00 00 00 00 00 00 00 00 00 00 00 
$0640: C0 00 00 00 51 C1 51 C0 00 00 00 00 00 00 00 00 
$0650: 00 00 00 00 00 00 00 00 00 00 00 00 00 00 00 00 
$0660: 00 00 00 00 00 00 00 00 00 00 00 00 00 00 00 00 
$0670: 00 00 00 00 00 00 00 00 00 00 00 00 00 00 00 00 
$0680: 54 54 54 54 54 54 54 54 00 00 00 00 00 00 00 00 
$0690: 54 54 54 54 54 54 54 54 00 00 00 00 00 00 00 00 
$06A0: 18 00 00 00 00 00 00 00 C0 00 00 02 54 54 00 00 
$06B0: 00 00 00 00 00 00 00 00 00 00 00 00 00 00 00 00 
$06C0: 00 00 00 00 00 00 00 00 00 FF 00 00 00 00 00 00 
$06D0: 00 00 00 00 03 B8 00 00 00 00 00 00 00 00 00 00 
$06E0: 02 58 48 38 04 D0 E8 28 40 58 70 88 A0 B0 24 C0 
$06F0: C4 C8 CC 58 60 68 70 78 80 88 90 98 00 00 00 00 

Page $0700-$07FF:
$0700: 00 01 30 00 00 00 00 00 00 00 28 00 07 00 00 00 
$0710: 02 00 00 00 00 01 00 00 00 00 00 00 00 FF FF 00 
$0720: 24 90 01 00 00 01 08 01 00 00 01 00 0A 00 08 02 
$0730: FF FF 00 00 00 00 00 00 00 03 01 00 0E 00 00 00 
$0740: 00 00 02 00 00 00 00 00 00 00 00 00 00 00 01 05 
$0750: C2 00 00 00 01 28 00 00 00 00 02 00 00 00 00 00 
$0760: 00 02 00 00 00 00 00 00 00 00 00 00 00 00 00 00 
$0770: 00 00 03 00 00 00 00 00 10 1E 00 00 00 00 00 0E 
$0780: 00 00 00 00 00 00 00 00 00 18 00 00 00 00 00 00 
$0790: 00 00 00 00 00 00 00 00 00 00 00 00 00 00 00 00 
$07A0: 00 00 08 00 00 00 00 24 64 2C E4 BD 74 0E 00 00 
$07B0: 00 00 00 00 00 00 00 00 00 00 00 00 00 00 00 00 
$07C0: 00 00 00 00 00 00 00 00 00 00 00 00 00 00 00 00 
$07D0: 00 00 00 00 00 00 00 00 00 00 00 00 00 00 00 00 
$07E0: 00 00 00 00 00 00 00 00 00 00 00 00 00 00 00 00 
$07F0: 00 00 00 00 00 00 00 00 04 00 01 00 00 00 00 A5 

=== FRAME 400 ===
OperMode=0 FC=136 X=40 Y=176 Page=0 Speed=0 State=0

Zero Page ($00-$FF):
$00: FF 4F D0 01 00 28 20 00 05 88 00 00 00 00 08 00 
$10: 00 00 00 00 00 00 00 00 00 00 00 00 00 00 00 00 
$20: 00 00 00 00 00 00 00 00 00 00 00 00 00 00 00 00 
$30: 00 00 00 01 00 00 00 00 00 00 00 00 00 00 00 00 
$40: 00 00 00 00 00 00 00 00 00 00 00 00 00 00 00 00 
$50: 00 00 00 00 00 00 00 00 00 00 00 00 00 00 00 00 
$60: 00 00 00 00 00 00 00 00 00 00 00 00 00 00 01 01 
$70: 01 01 01 00 00 00 00 00 00 00 00 00 00 00 00 00 
$80: 00 00 00 00 00 00 28 60 60 60 60 60 00 00 00 00 
$90: 00 00 00 00 00 00 00 00 00 00 00 00 00 00 00 00 
$A0: 00 00 00 00 00 00 00 00 00 00 00 00 00 00 00 00 
$B0: 00 00 00 00 00 01 01 00 00 00 00 00 00 00 00 00 
$C0: 00 00 00 00 00 00 00 00 00 00 00 00 00 00 B0 E0 
$D0: 00 00 00 00 00 00 00 00 00 00 00 00 00 00 00 00 
$E0: 00 00 00 00 00 00 00 90 A6 01 9F 13 00 00 00 00 
$F0: 00 00 00 00 00 00 00 00 00 00 00 80 00 00 00 00 

Page $0100-$01FF:
$0100: 00 00 00 00 00 00 00 00 00 00 00 00 00 00 00 00 
$0110: 00 00 00 00 00 00 00 00 00 00 00 00 00 00 00 00 
$0120: 00 00 00 00 00 00 00 00 00 00 00 00 00 00 00 00 
$0130: 00 00 00 00 00 00 00 00 00 00 00 00 00 00 00 00 
$0140: 00 00 00 00 00 00 00 00 00 00 00 00 00 00 00 00 
$0150: 00 00 00 00 00 00 00 00 00 00 00 00 00 00 00 00 
$0160: 00 00 00 00 FF FF FF FF 00 00 00 00 FF FF FF FF 
$0170: 00 00 00 00 FF FF FF FF 00 00 00 00 FF FF FF FF 
$0180: 00 00 00 00 FF FF FF FF 00 00 00 00 FF FF FF FF 
$0190: 00 00 00 00 FF FF FF FF 00 00 00 00 FF FF FF FF 
$01A0: 00 00 00 00 FF FF FF FF 00 00 00 00 FF FF FF FF 
$01B0: 00 00 00 00 FF FF FF FF 00 00 00 00 FF FF FF FF 
$01C0: 00 00 00 00 FF FF FF FF 00 00 00 00 FF FF FF FF 
$01D0: 00 00 00 00 FF FF FF FF 00 00 00 00 FF FF FF FF 
$01E0: 00 00 00 00 FF FF FF FF 00 00 00 00 FF 03 03 1D 
$01F0: F2 5F E6 EF 4F EF 66 AF C2 82 77 81 10 A5 57 80 

Page $0200-$02FF:
$0200: 18 FF 23 58 B0 FC 00 28 B0 FC 00 30 B8 FC 00 28 
$0210: B8 FC 00 30 C0 3A 00 28 C0 37 00 30 C8 4F 00 28 
$0220: C8 4F 40 30 F8 00 00 00 F8 00 00 00 F8 00 00 00 
$0230: F8 00 00 00 F8 00 00 00 F8 00 00 00 F8 00 00 00 
$0240: F8 00 00 00 F8 00 00 00 F8 00 00 00 F8 00 00 00 
$0250: F8 00 00 00 F8 00 00 00 F8 00 00 00 F8 00 00 00 
$0260: F8 00 00 00 F8 00 00 00 F8 00 00 00 F8 00 00 00 
$0270: F8 00 00 00 F8 00 00 00 F8 00 00 00 F8 00 00 00 
$0280: F8 00 00 00 F8 00 00 00 F8 00 00 00 F8 00 00 00 
$0290: F8 00 00 00 F8 00 00 00 F8 00 00 00 F8 00 00 00 
$02A0: F8 00 00 00 F8 00 00 00 F8 00 00 00 F8 00 00 00 
$02B0: F8 00 00 00 F8 00 00 00 F8 00 00 00 F8 00 00 00 
$02C0: F8 00 00 00 F8 00 00 00 F8 00 00 00 F8 00 00 00 
$02D0: F8 00 00 00 F8 00 00 00 F8 00 00 00 F8 00 00 00 
$02E0: F8 00 00 00 F8 00 00 00 F8 00 00 00 F8 00 00 00 
$02F0: F8 00 00 00 F8 00 00 00 F8 00 00 00 F8 00 00 00 

Page $0300-$03FF:
$0300: 07 3F 0C 04 0F 17 17 0F 00 00 00 00 00 00 00 00 
$0310: 00 00 00 00 00 00 00 00 00 00 00 00 00 00 00 00 
$0320: 00 00 00 00 00 00 00 00 00 00 00 00 00 00 00 00 
$0330: 00 00 00 00 00 00 00 00 00 00 00 00 00 00 00 00 
$0340: 00 00 00 00 00 00 00 00 00 00 00 00 00 00 00 00 
$0350: 00 00 00 00 00 00 00 00 00 00 00 00 00 00 00 00 
$0360: 00 00 00 00 00 00 00 00 00 00 00 00 00 00 00 00 
$0370: 00 00 00 00 00 00 00 00 00 00 00 00 00 00 00 00 
$0380: 00 00 00 00 00 00 00 00 00 00 00 00 00 00 00 00 
$0390: 00 00 00 00 00 00 00 00 00 00 00 00 00 00 00 00 
$03A0: FF 00 00 00 00 00 00 00 00 00 00 00 00 28 00 00 
$03B0: 00 00 00 00 00 00 00 00 B0 00 00 00 00 00 00 00 
$03C0: 00 00 00 00 00 00 00 00 00 00 00 00 00 00 00 00 
$03D0: 00 00 00 00 00 00 00 00 00 00 00 00 00 00 00 00 
$03E0: 00 00 00 00 00 00 00 00 00 00 00 00 00 00 00 00 
$03F0: 00 00 00 00 00 00 00 00 00 00 00 00 00 00 00 00 

Page $0400-$04FF:
$0400: 00 00 00 00 00 00 00 00 00 00 00 00 00 00 00 00 
$0410: 00 00 00 00 00 00 00 00 00 00 00 00 00 00 00 00 
$0420: 00 00 00 00 00 00 00 00 00 00 00 00 00 00 00 00 
$0430: 00 00 00 00 00 00 00 00 00 00 00 00 00 00 00 00 
$0440: 00 00 00 00 00 00 00 00 00 00 00 00 00 00 00 00 
$0450: E8 00 00 00 00 00 18 00 00 00 00 00 00 00 00 00 
$0460: 00 00 00 00 00 00 00 00 00 00 00 00 00 00 00 00 
$0470: 00 00 00 00 00 00 00 00 00 00 00 00 00 00 00 00 
$0480: 00 00 00 00 00 00 00 00 00 00 00 00 00 00 00 00 
$0490: FF 00 00 00 00 00 00 00 00 01 00 00 00 00 00 00 
$04A0: 00 00 00 00 00 00 00 00 00 00 00 00 2B C4 35 D0 
$04B0: 00 00 00 00 00 00 00 00 00 00 00 00 00 00 00 00 
$04C0: 00 00 00 00 00 00 00 00 00 00 00 00 00 00 00 00 
$04D0: 00 00 00 00 00 00 00 00 00 00 00 00 00 00 00 00 
$04E0: 00 00 00 00 00 00 00 00 00 00 00 00 00 00 00 00 
$04F0: 00 00 00 00 00 00 00 00 00 00 00 00 00 00 00 00 

Page $0500-$05FF:
$0500: 00 00 00 00 00 00 00 00 00 00 00 00 00 00 00 00 
$0510: 00 00 00 00 00 00 00 00 00 00 00 00 00 00 00 00 
$0520: 00 00 00 00 00 00 00 00 00 00 00 00 00 00 00 00 
$0530: 00 00 00 00 00 00 00 00 00 00 00 00 00 00 00 00 
$0540: 00 00 00 00 00 00 00 00 00 00 00 00 00 00 00 00 
$0550: 00 00 00 00 00 00 00 00 00 00 00 00 00 00 00 00 
$0560: 00 00 00 00 00 00 00 00 00 00 00 00 00 00 00 00 
$0570: 00 00 00 00 00 00 00 00 00 00 00 00 00 00 00 00 
$0580: 00 00 00 00 00 00 00 00 00 00 00 00 00 00 00 00 
$0590: 00 00 00 00 00 00 00 00 00 00 00 00 00 00 00 00 
$05A0: 00 00 00 00 00 00 00 00 00 00 00 00 00 00 00 00 
$05B0: 54 54 54 54 54 54 54 54 54 54 54 54 54 54 54 54 
$05C0: 54 54 54 54 54 54 54 54 54 54 54 54 54 54 54 54 
$05D0: 00 00 00 00 00 00 00 00 00 00 00 00 00 00 00 00 
$05E0: 00 00 00 00 00 00 00 00 00 00 00 00 00 00 00 00 
$05F0: 00 00 00 00 00 00 00 00 00 00 00 00 00 00 00 00 

Page $0600-$06FF:
$0600: 00 00 00 00 00 00 C0 00 00 00 00 00 00 00 00 00 
$0610: 00 00 00 00 00 00 00 00 00 00 00 00 00 00 00 00 
$0620: 00 00 00 00 00 00 00 00 00 00 00 00 00 00 00 00 
$0630: 00 00 00 00 00 00 00 00 00 00 00 00 00 00 00 00 
$0640: C0 00 00 00 51 C1 51 C0 00 00 00 00 00 00 00 00 
$0650: 00 00 00 00 00 00 00 00 00 00 00 00 00 00 00 00 
$0660: 00 00 00 00 00 00 00 00 00 00 00 00 00 00 00 00 
$0670: 00 00 00 00 00 00 00 00 00 00 00 00 00 00 00 00 
$0680: 54 54 54 54 54 54 54 54 00 00 00 00 00 00 00 00 
$0690: 54 54 54 54 54 54 54 54 00 00 00 00 00 00 00 00 
$06A0: 18 00 00 00 00 00 00 00 C0 00 00 02 54 54 00 00 
$06B0: 00 00 00 00 00 00 00 00 00 00 00 00 00 00 00 00 
$06C0: 00 00 00 00 00 00 00 00 00 FF 00 00 00 00 00 00 
$06D0: 00 00 00 00 04 B8 00 00 00 00 00 00 00 00 00 00 
$06E0: 01 58 48 38 04 88 A0 B8 D0 E8 28 40 58 68 24 78 
$06F0: 7C 80 84 E8 F0 F8 28 30 38 40 48 50 00 00 00 00 

Page $0700-$07FF:
$0700: 00 01 30 00 00 00 00 00 00 00 28 00 07 00 00 00 
$0710: 02 00 00 00 00 01 00 00 00 00 00 00 00 FF FF 00 
$0720: 24 90 01 00 00 01 08 01 00 00 01 00 0A 00 08 02 
$0730: FF FF 00 00 00 00 00 00 00 03 01 00 0E 00 00 00 
$0740: 00 00 02 00 00 00 00 00 00 00 00 00 00 00 01 05 
$0750: C2 00 00 00 01 28 00 00 00 00 02 00 00 00 00 00 
$0760: 00 02 00 00 00 00 00 00 00 00 00 00 00 00 00 00 
$0770: 00 00 03 00 00 00 00 00 10 1E 00 00 00 00 00 06 
$0780: 00 00 00 00 00 00 00 00 00 18 00 00 00 00 00 00 
$0790: 00 00 00 00 00 00 00 00 00 00 00 00 00 00 00 00 
$07A0: 00 00 06 00 00 00 00 D4 BB 12 64 40 88 09 00 00 
$07B0: 00 00 00 00 00 00 00 00 00 00 00 00 00 00 00 00 
$07C0: 00 00 00 00 00 00 00 00 00 00 00 00 00 00 00 00 
$07D0: 00 00 00 00 00 00 00 00 00 00 00 00 00 00 00 00 
$07E0: 00 00 00 00 00 00 00 00 00 00 00 00 00 00 00 00 
$07F0: 00 00 00 00 00 00 00 00 04 00 01 00 00 00 00 A5 

Dump complete
