
=== FRAME 239 (FC=187) ===
OperMode=1 FC=187 X=40 Y=176 Page=0 Speed=3 State=0

Zero Page ($00-$FF):
$00: 02 03 D0 01 00 28 20 00 05 BB 40 00 00 40 08 00 
$10: 00 00 00 00 00 00 00 00 00 00 00 00 00 00 00 00 
$20: 00 00 00 00 00 00 00 00 00 00 00 00 00 00 00 00 
$30: 00 00 00 01 00 00 00 00 00 00 00 00 00 00 00 00 
$40: 00 00 00 00 00 01 00 00 00 00 00 00 00 00 00 00 
$50: 00 00 00 00 00 00 00 03 00 00 00 00 00 00 00 00 
$60: 00 00 00 00 00 00 00 00 00 00 00 00 00 00 01 01 
$70: 01 01 01 00 00 00 00 00 00 00 00 00 00 00 00 00 
$80: 00 00 00 00 00 00 28 60 60 60 60 60 00 00 00 00 
$90: 00 00 00 00 00 00 00 00 00 00 00 00 00 00 00 00 
$A0: 00 00 00 00 00 00 00 00 00 00 00 00 00 00 00 00 
$B0: 00 00 00 00 00 01 01 00 00 00 00 00 00 00 00 00 
$C0: 00 00 00 00 00 00 00 00 00 00 00 00 00 00 B0 E0 
$D0: 00 00 00 00 00 00 00 00 00 00 00 00 00 00 00 00 
$E0: 00 00 00 00 00 00 00 90 A6 01 9F 13 00 00 00 00 
$F0: 18 00 00 00 01 F9 FA 04 0F 19 00 00 00 00 00 00 

Page $0100-$01FF:
$0100: 00 00 00 00 00 00 00 00 00 00 00 00 00 00 00 00 
$0110: 00 00 00 00 00 00 00 00 00 00 00 00 00 00 00 00 
$0120: 00 00 00 00 00 00 00 00 00 00 00 00 00 00 00 00 
$0130: 00 00 00 00 00 00 00 00 00 00 00 00 00 00 00 00 
$0140: 00 00 00 00 00 00 00 00 00 00 00 00 00 00 00 00 
$0150: 00 00 00 00 00 00 00 00 00 00 00 00 00 00 00 00 
$0160: 00 00 00 00 FF FF FF FF 00 00 00 00 FF FF FF FF 
$0170: 00 00 00 00 FF FF FF FF 00 00 00 00 FF FF FF FF 
$0180: 00 00 00 00 FF FF FF FF 00 00 00 00 FF FF FF FF 
$0190: 00 00 00 00 FF FF FF FF 00 00 00 00 FF FF FF FF 
$01A0: 00 00 00 00 FF FF FF FF 00 00 00 00 FF FF FF FF 
$01B0: 00 00 00 00 FF FF FF FF 00 00 00 00 FF FF FF FF 
$01C0: 00 00 00 00 FF FF FF FF 00 00 00 00 FF FF FF FF 
$01D0: 00 00 00 00 FF FF FF FF 00 00 00 00 FF FF FF FF 
$01E0: 00 00 00 00 FF FF FF FF 00 00 00 00 FF AE 9B 03 
$01F0: 03 1D F2 5F E6 EF 4F 0C 41 9B 8F EF 80 A5 57 80 

Page $0200-$02FF:
$0200: 18 FF 23 58 B0 FC 00 28 B0 FC 00 30 B8 FC 00 28 
$0210: B8 FC 00 30 C0 36 00 28 C0 37 00 30 C8 38 00 28 
$0220: C8 39 00 30 F8 00 00 00 F8 00 00 00 F8 00 00 00 
$0230: F8 00 00 00 F8 00 00 00 F8 00 00 00 F8 00 00 00 
$0240: F8 00 00 00 F8 00 00 00 F8 00 00 00 F8 00 00 00 
$0250: F8 00 00 00 F8 00 00 00 F8 00 00 00 F8 00 00 00 
$0260: F8 00 00 00 F8 00 00 00 F8 00 00 00 F8 00 00 00 
$0270: F8 00 00 00 F8 00 00 00 F8 00 00 00 F8 00 00 00 
$0280: F8 00 00 00 F8 00 00 00 F8 00 00 00 F8 00 00 00 
$0290: F8 00 00 00 F8 00 00 00 F8 00 00 00 F8 00 00 00 
$02A0: F8 00 00 00 F8 00 00 00 F8 00 00 00 F8 00 00 00 
$02B0: F8 00 00 00 F8 00 00 00 F8 00 00 00 F8 00 00 00 
$02C0: F8 00 00 00 F8 00 00 00 F8 00 00 00 F8 00 00 00 
$02D0: F8 00 00 00 F8 00 00 00 F8 00 00 00 F8 00 00 00 
$02E0: F8 00 00 00 F8 00 00 00 F8 00 00 00 F8 00 00 00 
$02F0: F8 00 00 00 F8 00 00 00 F8 00 00 00 F8 00 00 00 

Page $0300-$03FF:
$0300: 00 00 0C 04 0F 27 17 0F 00 04 0F 27 17 0F 00 00 
$0310: 00 00 00 00 00 00 00 00 00 00 00 00 00 00 00 00 
$0320: 00 00 00 00 00 00 00 00 00 00 00 00 00 00 00 00 
$0330: 00 00 00 00 00 00 00 00 00 00 00 00 00 00 00 00 
$0340: 00 00 00 00 00 00 00 00 00 00 00 00 00 00 00 00 
$0350: 00 00 00 00 00 00 00 00 00 00 00 00 00 00 00 00 
$0360: 00 00 00 00 00 00 00 00 00 00 00 00 00 00 00 00 
$0370: 00 00 00 00 00 00 00 00 00 00 00 00 00 00 00 00 
$0380: 00 00 00 00 00 00 00 00 00 00 00 00 00 00 00 00 
$0390: 00 00 00 00 00 00 00 00 00 00 00 00 00 00 00 00 
$03A0: FF 00 00 00 00 00 00 00 00 00 00 00 00 28 00 00 
$03B0: 00 00 00 00 00 00 00 00 B0 00 00 00 00 00 00 00 
$03C0: 00 00 00 00 00 00 00 00 00 00 00 00 00 00 00 00 
$03D0: 00 00 00 00 00 00 00 00 00 00 00 00 00 00 00 00 
$03E0: 00 00 00 00 00 00 00 00 00 00 00 00 00 00 00 00 
$03F0: 00 00 00 00 00 00 00 00 00 00 00 00 00 00 00 00 

Page $0400-$04FF:
$0400: 90 00 00 00 00 00 00 00 00 00 00 00 00 00 00 00 
$0410: 00 00 00 00 00 00 00 00 00 00 00 00 00 00 00 00 
$0420: 00 00 00 00 00 00 00 00 00 00 00 00 00 00 00 00 
$0430: 00 00 00 00 00 00 00 00 00 00 00 00 00 00 00 00 
$0440: 00 00 00 00 00 00 00 00 00 00 00 00 00 00 00 00 
$0450: D8 00 00 00 00 00 28 00 00 00 00 00 00 00 00 00 
$0460: 00 00 00 00 00 00 00 00 00 00 00 00 00 00 00 00 
$0470: 00 00 00 00 00 00 00 00 00 00 00 00 00 00 00 00 
$0480: 00 00 00 00 00 00 00 00 00 00 00 00 00 00 00 00 
$0490: FF 00 00 00 00 00 00 00 00 01 00 00 00 00 00 00 
$04A0: 00 00 00 00 00 00 00 00 00 00 00 00 2B C4 35 D0 
$04B0: 00 00 00 00 00 00 00 00 00 00 00 00 00 00 00 00 
$04C0: 00 00 00 00 00 00 00 00 00 00 00 00 00 00 00 00 
$04D0: 00 00 00 00 00 00 00 00 00 00 00 00 00 00 00 00 
$04E0: 00 00 00 00 00 00 00 00 00 00 00 00 00 00 00 00 
$04F0: 00 00 00 00 00 00 00 00 00 00 00 00 00 00 00 00 

Page $0500-$05FF:
$0500: 00 00 00 00 00 00 00 00 00 00 00 00 00 00 00 00 
$0510: 00 00 00 00 00 00 00 00 00 00 00 00 00 00 00 00 
$0520: 00 00 00 00 00 00 00 00 00 00 00 00 00 00 00 00 
$0530: 00 00 00 00 00 00 00 00 00 00 00 00 00 00 00 00 
$0540: 00 00 00 00 00 00 00 00 00 00 00 00 00 00 00 00 
$0550: 00 00 00 00 00 00 00 00 00 00 00 00 00 00 00 00 
$0560: 00 00 00 00 00 00 00 00 00 00 00 00 00 00 00 00 
$0570: 00 00 00 00 00 00 00 00 00 00 00 00 00 00 00 00 
$0580: 00 00 00 00 00 00 00 00 00 00 00 00 00 00 00 00 
$0590: 00 00 00 00 00 00 00 00 00 00 00 00 00 00 00 00 
$05A0: 00 00 00 00 00 00 00 00 00 00 00 00 00 00 00 00 
$05B0: 54 54 54 54 54 54 54 54 54 54 54 54 54 54 54 54 
$05C0: 54 54 54 54 54 54 54 54 54 54 54 54 54 54 54 54 
$05D0: 00 00 00 00 00 00 00 00 00 00 00 00 00 00 00 00 
$05E0: 00 00 00 00 00 00 00 00 00 00 00 00 00 00 00 00 
$05F0: 00 00 00 00 00 00 00 00 00 00 00 00 00 00 00 00 

Page $0600-$06FF:
$0600: 00 00 00 00 00 00 C0 00 00 00 00 00 00 00 00 00 
$0610: 00 00 00 00 00 00 00 00 00 00 00 00 00 00 00 00 
$0620: 00 00 00 00 00 00 00 00 00 00 00 00 00 00 00 00 
$0630: 00 00 00 00 00 00 00 00 00 00 00 00 00 00 00 00 
$0640: C0 00 00 00 51 C1 51 C0 00 00 00 00 00 00 00 00 
$0650: 00 00 00 00 00 00 00 00 00 00 00 00 00 00 00 00 
$0660: 00 00 00 00 00 00 00 00 00 00 00 00 00 00 00 00 
$0670: 00 00 00 00 00 00 00 00 00 00 00 00 00 00 00 00 
$0680: 54 54 54 54 54 54 54 54 00 00 00 00 00 00 00 00 
$0690: 54 54 54 54 54 54 54 54 00 00 00 00 00 00 00 00 
$06A0: 18 00 00 00 00 00 00 00 C0 00 00 02 54 54 00 00 
$06B0: 00 00 00 00 00 00 00 00 00 00 00 00 00 00 00 00 
$06C0: 00 00 00 00 00 00 00 00 00 FF 00 00 00 00 00 00 
$06D0: 00 00 00 00 03 68 00 00 00 00 00 00 00 00 00 00 
$06E0: 02 58 48 38 04 D0 E8 28 40 58 70 88 A0 B0 24 C0 
$06F0: C4 C8 CC 58 60 68 70 78 80 88 90 98 41 00 00 00 

Page $0700-$07FF:
$0700: 03 00 E4 00 00 44 00 00 00 00 28 00 07 01 00 00 
$0710: 02 00 00 00 00 01 00 00 00 00 00 00 00 FF FF 00 
$0720: 24 90 01 00 00 01 08 01 00 00 01 00 0A 00 08 02 
$0730: FF FF 00 00 00 00 00 00 00 03 01 00 0C 00 00 00 
$0740: 00 00 02 00 00 00 00 00 00 00 41 00 00 00 01 05 
$0750: C2 00 00 00 01 28 00 00 00 00 02 00 00 01 00 00 
$0760: 00 02 00 00 01 00 00 00 00 00 00 00 00 00 00 00 
$0770: 01 00 03 00 00 00 00 00 10 1E 00 00 00 00 00 03 
$0780: 00 04 00 09 00 00 00 05 00 17 00 00 00 00 00 00 
$0790: 00 00 00 00 00 00 00 00 00 00 00 00 00 00 00 00 
$07A0: 06 00 00 00 00 00 00 17 61 4F 8D 12 08 2C 00 00 
$07B0: 23 00 00 12 07 00 07 00 12 07 07 00 00 00 00 00 
$07C0: 15 21 00 00 00 00 00 11 00 00 00 00 00 00 00 00 
$07D0: 00 00 00 00 00 00 00 00 00 00 00 00 00 00 00 00 
$07E0: 00 00 00 00 00 00 00 00 00 00 00 00 00 00 00 00 
$07F0: 00 00 00 00 00 00 00 00 04 00 00 00 00 00 00 A5 

=== FRAME 244 (FC=192) ===
OperMode=1 FC=192 X=42 Y=176 Page=0 Speed=7 State=0

Zero Page ($00-$FF):
$00: 00 03 D0 01 00 2A 20 00 05 C0 40 00 00 40 08 00 
$10: 00 00 00 00 00 00 00 00 00 00 00 00 00 00 00 00 
$20: 00 00 00 00 00 00 00 00 00 00 00 00 00 00 00 00 
$30: 00 00 00 01 00 00 00 00 00 00 00 00 00 00 00 00 
$40: 00 00 00 00 00 01 00 00 00 00 00 00 00 00 00 00 
$50: 00 00 00 00 00 00 00 07 00 00 00 00 00 00 00 00 
$60: 00 00 00 00 00 00 00 00 00 00 00 00 00 00 01 01 
$70: 01 01 01 00 00 00 00 00 00 00 00 00 00 00 00 00 
$80: 00 00 00 00 00 00 2A 60 60 60 60 60 00 00 00 00 
$90: 00 00 00 00 00 00 00 00 00 00 00 00 00 00 00 00 
$A0: 00 00 00 00 00 00 00 00 00 00 00 00 00 00 00 00 
$B0: 00 00 00 00 00 01 01 00 00 00 00 00 00 00 00 00 
$C0: 00 00 00 00 00 00 00 00 00 00 00 00 00 00 B0 E0 
$D0: 00 00 00 00 00 00 00 00 00 00 00 00 00 00 00 00 
$E0: 00 00 00 00 00 00 00 90 A6 01 9F 13 00 00 00 00 
$F0: 18 00 00 00 01 F9 FA 04 0F 19 00 00 00 00 00 00 

Page $0100-$01FF:
$0100: 00 00 00 00 00 00 00 00 00 00 00 00 00 00 00 00 
$0110: 00 00 00 00 00 00 00 00 00 00 00 00 00 00 00 00 
$0120: 00 00 00 00 00 00 00 00 00 00 00 00 00 00 00 00 
$0130: 00 00 00 00 00 00 00 00 00 00 00 00 00 00 00 00 
$0140: 00 00 00 00 00 00 00 00 00 00 00 00 00 00 00 00 
$0150: 00 00 00 00 00 00 00 00 00 00 00 00 00 00 00 00 
$0160: 00 00 00 00 FF FF FF FF 00 00 00 00 FF FF FF FF 
$0170: 00 00 00 00 FF FF FF FF 00 00 00 00 FF FF FF FF 
$0180: 00 00 00 00 FF FF FF FF 00 00 00 00 FF FF FF FF 
$0190: 00 00 00 00 FF FF FF FF 00 00 00 00 FF FF FF FF 
$01A0: 00 00 00 00 FF FF FF FF 00 00 00 00 FF FF FF FF 
$01B0: 00 00 00 00 FF FF FF FF 00 00 00 00 FF FF FF FF 
$01C0: 00 00 00 00 FF FF FF FF 00 00 00 00 FF FF FF FF 
$01D0: 00 00 00 00 FF FF FF FF 00 00 00 00 FF FF FF FF 
$01E0: 00 00 00 00 FF FF FF FF 00 00 00 00 FF AE 9B 03 
$01F0: 03 1D F2 5F E6 EF 4F 0C 41 9B 8F EF 80 A5 57 80 

Page $0200-$02FF:
$0200: 18 FF 23 58 B0 FC 00 2A B0 FC 00 32 B8 FC 00 2A 
$0210: B8 FC 00 32 C0 36 00 2A C0 37 00 32 C8 38 00 2A 
$0220: C8 39 00 32 F8 00 00 00 F8 00 00 00 F8 00 00 00 
$0230: F8 00 00 00 F8 00 00 00 F8 00 00 00 F8 00 00 00 
$0240: F8 00 00 00 F8 00 00 00 F8 00 00 00 F8 00 00 00 
$0250: F8 00 00 00 F8 00 00 00 F8 00 00 00 F8 00 00 00 
$0260: F8 00 00 00 F8 00 00 00 F8 00 00 00 F8 00 00 00 
$0270: F8 00 00 00 F8 00 00 00 F8 00 00 00 F8 00 00 00 
$0280: F8 00 00 00 F8 00 00 00 F8 00 00 00 F8 00 00 00 
$0290: F8 00 00 00 F8 00 00 00 F8 00 00 00 F8 00 00 00 
$02A0: F8 00 00 00 F8 00 00 00 F8 00 00 00 F8 00 00 00 
$02B0: F8 00 00 00 F8 00 00 00 F8 00 00 00 F8 00 00 00 
$02C0: F8 00 00 00 F8 00 00 00 F8 00 00 00 F8 00 00 00 
$02D0: F8 00 00 00 F8 00 00 00 F8 00 00 00 F8 00 00 00 
$02E0: F8 00 00 00 F8 00 00 00 F8 00 00 00 F8 00 00 00 
$02F0: F8 00 00 00 F8 00 00 00 F8 00 00 00 F8 00 00 00 

Page $0300-$03FF:
$0300: 00 00 0C 04 0F 27 17 0F 00 04 0F 27 17 0F 00 00 
$0310: 00 00 00 00 00 00 00 00 00 00 00 00 00 00 00 00 
$0320: 00 00 00 00 00 00 00 00 00 00 00 00 00 00 00 00 
$0330: 00 00 00 00 00 00 00 00 00 00 00 00 00 00 00 00 
$0340: 00 00 00 00 00 00 00 00 00 00 00 00 00 00 00 00 
$0350: 00 00 00 00 00 00 00 00 00 00 00 00 00 00 00 00 
$0360: 00 00 00 00 00 00 00 00 00 00 00 00 00 00 00 00 
$0370: 00 00 00 00 00 00 00 00 00 00 00 00 00 00 00 00 
$0380: 00 00 00 00 00 00 00 00 00 00 00 00 00 00 00 00 
$0390: 00 00 00 00 00 00 00 00 00 00 00 00 00 00 00 00 
$03A0: FF 00 00 00 00 00 00 00 00 00 00 00 00 2A 00 00 
$03B0: 00 00 00 00 00 00 00 00 B0 00 00 00 00 00 00 00 
$03C0: 00 00 00 00 00 00 00 00 00 00 00 00 00 00 00 00 
$03D0: 00 00 00 00 00 00 00 00 00 00 00 00 00 00 00 00 
$03E0: 00 00 00 00 00 00 00 00 00 00 00 00 00 00 00 00 
$03F0: 00 00 00 00 00 00 00 00 00 00 00 00 00 00 00 00 

Page $0400-$04FF:
$0400: 40 00 00 00 00 00 00 00 00 00 00 00 00 00 00 00 
$0410: 00 00 00 00 00 00 00 00 00 00 00 00 00 00 00 00 
$0420: 00 00 00 00 00 00 00 00 00 00 00 00 00 00 00 00 
$0430: 00 00 00 00 00 00 00 00 00 00 00 00 00 00 00 00 
$0440: 00 00 00 00 00 00 00 00 00 00 00 00 00 00 00 00 
$0450: D8 00 00 00 00 00 28 00 00 00 00 00 00 00 00 00 
$0460: 00 00 00 00 00 00 00 00 00 00 00 00 00 00 00 00 
$0470: 00 00 00 00 00 00 00 00 00 00 00 00 00 00 00 00 
$0480: 00 00 00 00 00 00 00 00 00 00 00 00 00 00 00 00 
$0490: FF 00 00 00 00 00 00 00 00 01 00 00 00 00 00 00 
$04A0: 00 00 00 00 00 00 00 00 00 00 00 00 2D C4 37 D0 
$04B0: 00 00 00 00 00 00 00 00 00 00 00 00 00 00 00 00 
$04C0: 00 00 00 00 00 00 00 00 00 00 00 00 00 00 00 00 
$04D0: 00 00 00 00 00 00 00 00 00 00 00 00 00 00 00 00 
$04E0: 00 00 00 00 00 00 00 00 00 00 00 00 00 00 00 00 
$04F0: 00 00 00 00 00 00 00 00 00 00 00 00 00 00 00 00 

Page $0500-$05FF:
$0500: 00 00 00 00 00 00 00 00 00 00 00 00 00 00 00 00 
$0510: 00 00 00 00 00 00 00 00 00 00 00 00 00 00 00 00 
$0520: 00 00 00 00 00 00 00 00 00 00 00 00 00 00 00 00 
$0530: 00 00 00 00 00 00 00 00 00 00 00 00 00 00 00 00 
$0540: 00 00 00 00 00 00 00 00 00 00 00 00 00 00 00 00 
$0550: 00 00 00 00 00 00 00 00 00 00 00 00 00 00 00 00 
$0560: 00 00 00 00 00 00 00 00 00 00 00 00 00 00 00 00 
$0570: 00 00 00 00 00 00 00 00 00 00 00 00 00 00 00 00 
$0580: 00 00 00 00 00 00 00 00 00 00 00 00 00 00 00 00 
$0590: 00 00 00 00 00 00 00 00 00 00 00 00 00 00 00 00 
$05A0: 00 00 00 00 00 00 00 00 00 00 00 00 00 00 00 00 
$05B0: 54 54 54 54 54 54 54 54 54 54 54 54 54 54 54 54 
$05C0: 54 54 54 54 54 54 54 54 54 54 54 54 54 54 54 54 
$05D0: 00 00 00 00 00 00 00 00 00 00 00 00 00 00 00 00 
$05E0: 00 00 00 00 00 00 00 00 00 00 00 00 00 00 00 00 
$05F0: 00 00 00 00 00 00 00 00 00 00 00 00 00 00 00 00 

Page $0600-$06FF:
$0600: 00 00 00 00 00 00 C0 00 00 00 00 00 00 00 00 00 
$0610: 00 00 00 00 00 00 00 00 00 00 00 00 00 00 00 00 
$0620: 00 00 00 00 00 00 00 00 00 00 00 00 00 00 00 00 
$0630: 00 00 00 00 00 00 00 00 00 00 00 00 00 00 00 00 
$0640: C0 00 00 00 51 C1 51 C0 00 00 00 00 00 00 00 00 
$0650: 00 00 00 00 00 00 00 00 00 00 00 00 00 00 00 00 
$0660: 00 00 00 00 00 00 00 00 00 00 00 00 00 00 00 00 
$0670: 00 00 00 00 00 00 00 00 00 00 00 00 00 00 00 00 
$0680: 54 54 54 54 54 54 54 54 00 00 00 00 00 00 00 00 
$0690: 54 54 54 54 54 54 54 54 00 00 00 00 00 00 00 00 
$06A0: 18 00 00 00 00 00 00 00 C0 00 00 02 54 54 00 00 
$06B0: 00 00 00 00 00 00 00 00 00 00 00 00 00 00 00 00 
$06C0: 00 00 00 00 00 00 00 00 00 FF 00 00 00 00 00 00 
$06D0: 00 00 00 00 03 68 00 00 00 00 00 00 00 00 00 00 
$06E0: 01 58 48 38 04 88 A0 B8 D0 E8 28 40 58 68 24 78 
$06F0: 7C 80 84 E8 F0 F8 28 30 38 40 48 50 41 00 00 01 

Page $0700-$07FF:
$0700: 07 00 E4 00 00 B8 00 00 00 00 28 00 07 02 00 00 
$0710: 02 00 00 00 00 01 00 00 00 00 00 00 00 FF FF 00 
$0720: 24 90 01 00 00 01 08 01 00 00 01 00 0A 00 08 02 
$0730: FF FF 00 00 00 00 00 00 00 03 01 00 0C 00 00 00 
$0740: 00 00 02 00 00 00 00 00 00 00 41 00 00 00 01 05 
$0750: C2 00 00 00 01 2A 00 00 00 00 02 00 00 01 00 00 
$0760: 00 02 00 00 01 00 00 00 00 00 00 00 00 00 00 00 
$0770: 01 00 03 00 00 00 00 00 10 1E 00 00 00 00 00 13 
$0780: 00 06 00 09 00 00 00 00 00 17 00 00 00 00 00 00 
$0790: 00 00 00 00 00 00 00 00 00 00 00 00 00 00 00 00 
$07A0: 05 00 00 00 00 00 00 D8 BB 0A 7C 68 90 41 00 00 
$07B0: 23 00 00 12 02 00 02 00 12 02 02 00 00 00 00 00 
$07C0: 1A 21 00 00 00 00 00 11 00 00 00 00 00 00 00 00 
$07D0: 00 00 00 00 00 00 00 00 00 00 00 00 00 00 00 00 
$07E0: 00 00 00 00 00 00 00 00 00 00 00 00 00 00 00 00 
$07F0: 00 00 00 00 00 00 00 00 04 00 00 00 00 00 00 A5 

=== FRAME 252 (FC=200) ===
OperMode=1 FC=200 X=47 Y=176 Page=0 Speed=14 State=0

Zero Page ($00-$FF):
$00: 02 03 D0 01 00 2F 20 00 05 C8 40 00 00 40 08 00 
$10: 00 00 00 00 00 00 00 00 00 00 00 00 00 00 00 00 
$20: 00 00 00 00 00 00 00 00 00 00 00 00 00 00 00 00 
$30: 00 00 00 01 00 00 00 00 00 00 00 00 00 00 00 00 
$40: 00 00 00 00 00 01 00 00 00 00 00 00 00 00 00 00 
$50: 00 00 00 00 00 00 00 0E 00 00 00 00 00 00 00 00 
$60: 00 00 00 00 00 00 00 00 00 00 00 00 00 00 01 01 
$70: 01 01 01 00 00 00 00 00 00 00 00 00 00 00 00 00 
$80: 00 00 00 00 00 00 2F 60 60 60 60 60 00 00 00 00 
$90: 00 00 00 00 00 00 00 00 00 00 00 00 00 00 00 00 
$A0: 00 00 00 00 00 00 00 00 00 00 00 00 00 00 00 00 
$B0: 00 00 00 00 00 01 01 00 00 00 00 00 00 00 00 00 
$C0: 00 00 00 00 00 00 00 00 00 00 00 00 00 00 B0 E0 
$D0: 00 00 00 00 00 00 00 00 00 00 00 00 00 00 00 00 
$E0: 00 00 00 00 00 00 00 90 A6 01 9F 13 00 00 00 00 
$F0: 18 00 00 00 01 F9 FA 05 10 1A 00 00 00 00 00 00 

Page $0100-$01FF:
$0100: 00 00 00 00 00 00 00 00 00 00 00 00 00 00 00 00 
$0110: 00 00 00 00 00 00 00 00 00 00 00 00 00 00 00 00 
$0120: 00 00 00 00 00 00 00 00 00 00 00 00 00 00 00 00 
$0130: 00 00 00 00 00 00 00 00 00 00 00 00 00 00 00 00 
$0140: 00 00 00 00 00 00 00 00 00 00 00 00 00 00 00 00 
$0150: 00 00 00 00 00 00 00 00 00 00 00 00 00 00 00 00 
$0160: 00 00 00 00 FF FF FF FF 00 00 00 00 FF FF FF FF 
$0170: 00 00 00 00 FF FF FF FF 00 00 00 00 FF FF FF FF 
$0180: 00 00 00 00 FF FF FF FF 00 00 00 00 FF FF FF FF 
$0190: 00 00 00 00 FF FF FF FF 00 00 00 00 FF FF FF FF 
$01A0: 00 00 00 00 FF FF FF FF 00 00 00 00 FF FF FF FF 
$01B0: 00 00 00 00 FF FF FF FF 00 00 00 00 FF FF FF FF 
$01C0: 00 00 00 00 FF FF FF FF 00 00 00 00 FF FF FF FF 
$01D0: 00 00 00 00 FF FF FF FF 00 00 00 00 FF FF FF FF 
$01E0: 00 00 00 00 FF FF FF FF 00 00 00 00 FF AE 9B 03 
$01F0: 03 1D F2 5F E6 EF 4F 0C 41 9B 8F EF 80 A5 57 80 

Page $0200-$02FF:
$0200: 18 FF 23 58 B0 FC 00 2F B0 FC 00 37 B8 FC 00 2F 
$0210: B8 FC 00 37 C0 32 00 2F C0 33 00 37 C8 34 00 2F 
$0220: C8 35 00 37 F8 00 00 00 F8 00 00 00 F8 00 00 00 
$0230: F8 00 00 00 F8 00 00 00 F8 00 00 00 F8 00 00 00 
$0240: F8 00 00 00 F8 00 00 00 F8 00 00 00 F8 00 00 00 
$0250: F8 00 00 00 F8 00 00 00 F8 00 00 00 F8 00 00 00 
$0260: F8 00 00 00 F8 00 00 00 F8 00 00 00 F8 00 00 00 
$0270: F8 00 00 00 F8 00 00 00 F8 00 00 00 F8 00 00 00 
$0280: F8 00 00 00 F8 00 00 00 F8 00 00 00 F8 00 00 00 
$0290: F8 00 00 00 F8 00 00 00 F8 00 00 00 F8 00 00 00 
$02A0: F8 00 00 00 F8 00 00 00 F8 00 00 00 F8 00 00 00 
$02B0: F8 00 00 00 F8 00 00 00 F8 00 00 00 F8 00 00 00 
$02C0: F8 00 00 00 F8 00 00 00 F8 00 00 00 F8 00 00 00 
$02D0: F8 00 00 00 F8 00 00 00 F8 00 00 00 F8 00 00 00 
$02E0: F8 00 00 00 F8 00 00 00 F8 00 00 00 F8 00 00 00 
$02F0: F8 00 00 00 F8 00 00 00 F8 00 00 00 F8 00 00 00 

Page $0300-$03FF:
$0300: 00 00 7A 03 03 09 09 3F 0C 04 0F 17 17 0F 00 00 
$0310: 00 00 00 00 00 00 00 00 00 00 00 00 00 00 00 00 
$0320: 00 00 00 00 00 00 00 00 00 00 00 00 00 00 00 00 
$0330: 00 00 00 00 00 00 00 00 00 00 00 00 00 00 00 00 
$0340: 00 00 00 00 00 00 00 00 00 00 00 00 00 00 00 00 
$0350: 00 00 00 00 00 00 00 00 00 00 00 00 00 00 00 00 
$0360: 00 00 00 00 00 00 00 00 00 00 00 00 00 00 00 00 
$0370: 00 00 00 00 00 00 00 00 00 00 00 00 00 00 00 00 
$0380: 00 00 00 00 00 00 00 00 00 00 00 00 00 00 00 00 
$0390: 00 00 00 00 00 00 00 00 00 00 00 00 00 00 00 00 
$03A0: FF 00 00 00 00 00 00 00 00 00 00 00 00 2F 00 00 
$03B0: 00 00 00 00 00 00 00 00 B0 00 00 00 00 00 00 00 
$03C0: 00 00 00 00 00 00 00 00 00 00 00 00 00 00 00 00 
$03D0: 00 00 00 00 00 00 00 00 00 00 00 00 00 00 00 00 
$03E0: 00 00 00 00 00 00 00 00 00 00 00 00 00 00 00 00 
$03F0: 00 00 00 00 00 00 00 00 00 00 00 00 00 00 00 00 

Page $0400-$04FF:
$0400: E0 00 00 00 00 00 00 00 00 00 00 00 00 00 00 00 
$0410: 00 00 00 00 00 00 00 00 00 00 00 00 00 00 00 00 
$0420: 00 00 00 00 00 00 00 00 00 00 00 00 00 00 00 00 
$0430: 00 00 00 00 00 00 00 00 00 00 00 00 00 00 00 00 
$0440: 00 00 00 00 00 00 00 00 00 00 00 00 00 00 00 00 
$0450: D8 00 00 00 00 00 28 00 00 00 00 00 00 00 00 00 
$0460: 00 00 00 00 00 00 00 00 00 00 00 00 00 00 00 00 
$0470: 00 00 00 00 00 00 00 00 00 00 00 00 00 00 00 00 
$0480: 00 00 00 00 00 00 00 00 00 00 00 00 00 00 00 00 
$0490: FF 00 00 00 00 00 00 00 00 01 00 00 00 00 00 00 
$04A0: 00 00 00 00 00 00 00 00 00 00 00 00 32 C4 3C D0 
$04B0: 00 00 00 00 00 00 00 00 00 00 00 00 00 00 00 00 
$04C0: 00 00 00 00 00 00 00 00 00 00 00 00 00 00 00 00 
$04D0: 00 00 00 00 00 00 00 00 00 00 00 00 00 00 00 00 
$04E0: 00 00 00 00 00 00 00 00 00 00 00 00 00 00 00 00 
$04F0: 00 00 00 00 00 00 00 00 00 00 00 00 00 00 00 00 

Page $0500-$05FF:
$0500: 00 00 00 00 00 00 00 00 00 00 00 00 00 00 00 00 
$0510: 00 00 00 00 00 00 00 00 00 00 00 00 00 00 00 00 
$0520: 00 00 00 00 00 00 00 00 00 00 00 00 00 00 00 00 
$0530: 00 00 00 00 00 00 00 00 00 00 00 00 00 00 00 00 
$0540: 00 00 00 00 00 00 00 00 00 00 00 00 00 00 00 00 
$0550: 00 00 00 00 00 00 00 00 00 00 00 00 00 00 00 00 
$0560: 00 00 00 00 00 00 00 00 00 00 00 00 00 00 00 00 
$0570: 00 00 00 00 00 00 00 00 00 00 00 00 00 00 00 00 
$0580: 00 00 00 00 00 00 00 00 00 00 00 00 00 00 00 00 
$0590: 00 00 00 00 00 00 00 00 00 00 00 00 00 00 00 00 
$05A0: 00 00 00 00 00 00 00 00 00 00 00 00 00 00 00 00 
$05B0: 54 54 54 54 54 54 54 54 54 54 54 54 54 54 54 54 
$05C0: 54 54 54 54 54 54 54 54 54 54 54 54 54 54 54 54 
$05D0: 00 00 00 00 00 00 00 00 00 00 00 00 00 00 00 00 
$05E0: 00 00 00 00 00 00 00 00 00 00 00 00 00 00 00 00 
$05F0: 00 00 00 00 00 00 00 00 00 00 00 00 00 00 00 00 

Page $0600-$06FF:
$0600: 00 00 00 00 00 00 C0 00 00 00 00 00 00 00 00 00 
$0610: 00 00 00 00 00 00 00 00 00 00 00 00 00 00 00 00 
$0620: 00 00 00 00 00 00 00 00 00 00 00 00 00 00 00 00 
$0630: 00 00 00 00 00 00 00 00 00 00 00 00 00 00 00 00 
$0640: C0 00 00 00 51 C1 51 C0 00 00 00 00 00 00 00 00 
$0650: 00 00 00 00 00 00 00 00 00 00 00 00 00 00 00 00 
$0660: 00 00 00 00 00 00 00 00 00 00 00 00 00 00 00 00 
$0670: 00 00 00 00 00 00 00 00 00 00 00 00 00 00 00 00 
$0680: 54 54 54 54 54 54 54 54 00 00 00 00 00 00 00 00 
$0690: 54 54 54 54 54 54 54 54 00 00 00 00 00 00 00 00 
$06A0: 18 00 00 00 00 00 00 00 C0 00 00 02 54 54 00 00 
$06B0: 00 00 00 00 00 00 00 00 00 00 00 00 00 00 00 00 
$06C0: 00 00 00 00 00 00 00 00 00 FF 00 00 00 00 00 00 
$06D0: 00 00 00 00 04 60 00 00 00 00 00 00 00 00 00 00 
$06E0: 00 58 48 38 04 30 48 60 78 90 A8 C0 D8 E8 24 F8 
$06F0: FC 28 2C 90 98 A0 A8 B0 B8 C0 C8 D0 41 00 00 00 

Page $0700-$07FF:
$0700: 0E 00 E4 00 00 D8 00 00 00 00 28 00 07 00 00 00 
$0710: 02 00 00 00 00 01 00 00 00 00 00 00 00 FF FF 00 
$0720: 24 90 01 00 00 01 08 01 00 00 01 00 0A 00 08 02 
$0730: FF FF 00 00 00 00 00 00 00 03 01 00 0C 00 00 00 
$0740: 00 00 02 00 00 00 00 00 00 00 41 00 00 00 01 05 
$0750: C2 00 00 00 01 2F 00 00 00 00 02 00 00 01 00 00 
$0760: 00 02 00 00 01 00 00 00 00 00 00 00 00 00 00 00 
$0770: 01 00 03 00 00 00 00 00 10 1E 00 00 00 00 00 0B 
$0780: 00 05 00 09 00 00 00 10 00 17 00 00 00 00 00 00 
$0790: 00 00 00 00 00 00 00 00 00 00 00 00 00 00 00 00 
$07A0: 05 00 00 00 00 00 00 B1 D8 BB 0A 7C 68 90 00 00 
$07B0: 24 00 00 12 0C 01 0C 01 12 0C 0C 00 00 00 00 00 
$07C0: 22 21 00 00 00 00 00 11 00 00 00 00 00 00 00 00 
$07D0: 00 00 00 00 00 00 00 00 00 00 00 00 00 00 00 00 
$07E0: 00 00 00 00 00 00 00 00 00 00 00 00 00 00 00 00 
$07F0: 00 00 00 00 00 00 00 00 03 09 09 00 00 00 00 A5 

=== FRAME 262 (FC=210) ===
OperMode=1 FC=210 X=59 Y=176 Page=0 Speed=23 State=0

Zero Page ($00-$FF):
$00: 02 03 D0 01 00 3B 20 00 05 D2 40 00 00 40 08 00 
$10: 00 00 00 00 00 00 00 00 00 00 00 00 00 00 00 00 
$20: 00 00 00 00 00 00 00 00 00 00 00 00 00 00 00 00 
$30: 00 00 00 01 00 00 00 00 00 00 00 00 00 00 00 00 
$40: 00 00 00 00 00 01 00 00 00 00 00 00 00 00 00 00 
$50: 00 00 00 00 00 00 00 17 00 00 00 00 00 00 00 00 
$60: 00 00 00 00 00 00 00 00 00 00 00 00 00 00 01 01 
$70: 01 01 01 00 00 00 00 00 00 00 00 00 00 00 00 00 
$80: 00 00 00 00 00 00 3B 60 60 60 60 60 00 00 00 00 
$90: 00 00 00 00 00 00 00 00 00 00 00 00 00 00 00 00 
$A0: 00 00 00 00 00 00 00 00 00 00 00 00 00 00 00 00 
$B0: 00 00 00 00 00 01 01 00 00 00 00 00 00 00 00 00 
$C0: 00 00 00 00 00 00 00 00 00 00 00 00 00 00 B0 E0 
$D0: 00 00 00 00 00 00 00 00 00 00 00 00 00 00 00 00 
$E0: 00 00 00 00 00 00 00 90 A6 01 9F 13 00 00 00 00 
$F0: 18 00 00 00 01 F9 FA 05 10 1A 00 00 00 00 00 00 

Page $0100-$01FF:
$0100: 00 00 00 00 00 00 00 00 00 00 00 00 00 00 00 00 
$0110: 00 00 00 00 00 00 00 00 00 00 00 00 00 00 00 00 
$0120: 00 00 00 00 00 00 00 00 00 00 00 00 00 00 00 00 
$0130: 00 00 00 00 00 00 00 00 00 00 00 00 00 00 00 00 
$0140: 00 00 00 00 00 00 00 00 00 00 00 00 00 00 00 00 
$0150: 00 00 00 00 00 00 00 00 00 00 00 00 00 00 00 00 
$0160: 00 00 00 00 FF FF FF FF 00 00 00 00 FF FF FF FF 
$0170: 00 00 00 00 FF FF FF FF 00 00 00 00 FF FF FF FF 
$0180: 00 00 00 00 FF FF FF FF 00 00 00 00 FF FF FF FF 
$0190: 00 00 00 00 FF FF FF FF 00 00 00 00 FF FF FF FF 
$01A0: 00 00 00 00 FF FF FF FF 00 00 00 00 FF FF FF FF 
$01B0: 00 00 00 00 FF FF FF FF 00 00 00 00 FF FF FF FF 
$01C0: 00 00 00 00 FF FF FF FF 00 00 00 00 FF FF FF FF 
$01D0: 00 00 00 00 FF FF FF FF 00 00 00 00 FF FF FF FF 
$01E0: 00 00 00 00 FF FF FF FF 00 00 00 00 FF AE 9B 04 
$01F0: 04 1D F2 5F E6 EF 4F 0C 41 9B 8F EF 80 A5 57 80 

Page $0200-$02FF:
$0200: 18 FF 23 58 B0 FC 00 3B B0 FC 00 43 B8 FC 00 3B 
$0210: B8 FC 00 43 C0 36 00 3B C0 37 00 43 C8 38 00 3B 
$0220: C8 39 00 43 F8 00 00 00 F8 00 00 00 F8 00 00 00 
$0230: F8 00 00 00 F8 00 00 00 F8 00 00 00 F8 00 00 00 
$0240: F8 00 00 00 F8 00 00 00 F8 00 00 00 F8 00 00 00 
$0250: F8 00 00 00 F8 00 00 00 F8 00 00 00 F8 00 00 00 
$0260: F8 00 00 00 F8 00 00 00 F8 00 00 00 F8 00 00 00 
$0270: F8 00 00 00 F8 00 00 00 F8 00 00 00 F8 00 00 00 
$0280: F8 00 00 00 F8 00 00 00 F8 00 00 00 F8 00 00 00 
$0290: F8 00 00 00 F8 00 00 00 F8 00 00 00 F8 00 00 00 
$02A0: F8 00 00 00 F8 00 00 00 F8 00 00 00 F8 00 00 00 
$02B0: F8 00 00 00 F8 00 00 00 F8 00 00 00 F8 00 00 00 
$02C0: F8 00 00 00 F8 00 00 00 F8 00 00 00 F8 00 00 00 
$02D0: F8 00 00 00 F8 00 00 00 F8 00 00 00 F8 00 00 00 
$02E0: F8 00 00 00 F8 00 00 00 F8 00 00 00 F8 00 00 00 
$02F0: F8 00 00 00 F8 00 00 00 F8 00 00 00 F8 00 00 00 

Page $0300-$03FF:
$0300: 00 00 0C 04 0F 17 17 0F 00 04 0F 17 17 0F 00 00 
$0310: 00 00 00 00 00 00 00 00 00 00 00 00 00 00 00 00 
$0320: 00 00 00 00 00 00 00 00 00 00 00 00 00 00 00 00 
$0330: 00 00 00 00 00 00 00 00 00 00 00 00 00 00 00 00 
$0340: 00 00 00 00 00 00 00 00 00 00 00 00 00 00 00 00 
$0350: 00 00 00 00 00 00 00 00 00 00 00 00 00 00 00 00 
$0360: 00 00 00 00 00 00 00 00 00 00 00 00 00 00 00 00 
$0370: 00 00 00 00 00 00 00 00 00 00 00 00 00 00 00 00 
$0380: 00 00 00 00 00 00 00 00 00 00 00 00 00 00 00 00 
$0390: 00 00 00 00 00 00 00 00 00 00 00 00 00 00 00 00 
$03A0: FF 00 00 00 00 00 00 00 00 00 00 00 00 3B 00 00 
$03B0: 00 00 00 00 00 00 00 00 B0 00 00 00 00 00 00 00 
$03C0: 00 00 00 00 00 00 00 00 00 00 00 00 00 00 00 00 
$03D0: 00 00 00 00 00 00 00 00 00 00 00 00 00 00 00 00 
$03E0: 00 00 00 00 00 00 00 00 00 00 00 00 00 00 00 00 
$03F0: 00 00 00 00 00 00 00 00 00 00 00 00 00 00 00 00 

Page $0400-$04FF:
$0400: E0 00 00 00 00 00 00 00 00 00 00 00 00 00 00 00 
$0410: 00 00 00 00 00 00 00 00 00 00 00 00 00 00 00 00 
$0420: 00 00 00 00 00 00 00 00 00 00 00 00 00 00 00 00 
$0430: 00 00 00 00 00 00 00 00 00 00 00 00 00 00 00 00 
$0440: 00 00 00 00 00 00 00 00 00 00 00 00 00 00 00 00 
$0450: D8 00 00 00 00 00 28 00 00 00 00 00 00 00 00 00 
$0460: 00 00 00 00 00 00 00 00 00 00 00 00 00 00 00 00 
$0470: 00 00 00 00 00 00 00 00 00 00 00 00 00 00 00 00 
$0480: 00 00 00 00 00 00 00 00 00 00 00 00 00 00 00 00 
$0490: FF 00 00 00 00 00 00 00 00 01 00 00 00 00 00 00 
$04A0: 00 00 00 00 00 00 00 00 00 00 00 00 3E C4 48 D0 
$04B0: 00 00 00 00 00 00 00 00 00 00 00 00 00 00 00 00 
$04C0: 00 00 00 00 00 00 00 00 00 00 00 00 00 00 00 00 
$04D0: 00 00 00 00 00 00 00 00 00 00 00 00 00 00 00 00 
$04E0: 00 00 00 00 00 00 00 00 00 00 00 00 00 00 00 00 
$04F0: 00 00 00 00 00 00 00 00 00 00 00 00 00 00 00 00 

Page $0500-$05FF:
$0500: 00 00 00 00 00 00 00 00 00 00 00 00 00 00 00 00 
$0510: 00 00 00 00 00 00 00 00 00 00 00 00 00 00 00 00 
$0520: 00 00 00 00 00 00 00 00 00 00 00 00 00 00 00 00 
$0530: 00 00 00 00 00 00 00 00 00 00 00 00 00 00 00 00 
$0540: 00 00 00 00 00 00 00 00 00 00 00 00 00 00 00 00 
$0550: 00 00 00 00 00 00 00 00 00 00 00 00 00 00 00 00 
$0560: 00 00 00 00 00 00 00 00 00 00 00 00 00 00 00 00 
$0570: 00 00 00 00 00 00 00 00 00 00 00 00 00 00 00 00 
$0580: 00 00 00 00 00 00 00 00 00 00 00 00 00 00 00 00 
$0590: 00 00 00 00 00 00 00 00 00 00 00 00 00 00 00 00 
$05A0: 00 00 00 00 00 00 00 00 00 00 00 00 00 00 00 00 
$05B0: 54 54 54 54 54 54 54 54 54 54 54 54 54 54 54 54 
$05C0: 54 54 54 54 54 54 54 54 54 54 54 54 54 54 54 54 
$05D0: 00 00 00 00 00 00 00 00 00 00 00 00 00 00 00 00 
$05E0: 00 00 00 00 00 00 00 00 00 00 00 00 00 00 00 00 
$05F0: 00 00 00 00 00 00 00 00 00 00 00 00 00 00 00 00 

Page $0600-$06FF:
$0600: 00 00 00 00 00 00 C0 00 00 00 00 00 00 00 00 00 
$0610: 00 00 00 00 00 00 00 00 00 00 00 00 00 00 00 00 
$0620: 00 00 00 00 00 00 00 00 00 00 00 00 00 00 00 00 
$0630: 00 00 00 00 00 00 00 00 00 00 00 00 00 00 00 00 
$0640: C0 00 00 00 51 C1 51 C0 00 00 00 00 00 00 00 00 
$0650: 00 00 00 00 00 00 00 00 00 00 00 00 00 00 00 00 
$0660: 00 00 00 00 00 00 00 00 00 00 00 00 00 00 00 00 
$0670: 00 00 00 00 00 00 00 00 00 00 00 00 00 00 00 00 
$0680: 54 54 54 54 54 54 54 54 00 00 00 00 00 00 00 00 
$0690: 54 54 54 54 54 54 54 54 00 00 00 00 00 00 00 00 
$06A0: 18 00 00 00 00 00 00 00 C0 00 00 02 54 54 00 00 
$06B0: 00 00 00 00 00 00 00 00 00 00 00 00 00 00 00 00 
$06C0: 00 00 00 00 00 00 00 00 00 FF 00 00 00 00 00 00 
$06D0: 00 00 00 00 00 68 00 00 00 00 00 00 00 00 00 00 
$06E0: 01 58 48 38 04 88 A0 B8 D0 E8 28 40 58 68 24 78 
$06F0: 7C 80 84 E8 F0 F8 28 30 38 40 48 50 41 00 00 01 

Page $0700-$07FF:
$0700: 17 00 E4 00 00 C0 00 00 00 00 28 00 04 02 00 00 
$0710: 02 00 00 00 00 01 00 00 00 00 00 00 00 FF FF 00 
$0720: 24 90 01 00 00 01 08 01 00 00 01 00 0A 00 08 02 
$0730: FF FF 00 00 00 00 00 00 00 03 01 00 0C 00 00 00 
$0740: 00 00 02 00 00 00 00 00 00 00 41 00 00 00 01 05 
$0750: C2 00 00 00 01 3B 00 00 00 00 02 00 00 01 00 00 
$0760: 00 02 00 00 01 00 00 00 00 00 00 00 00 00 00 00 
$0770: 01 00 03 00 00 00 00 00 10 1E 00 00 00 00 00 01 
$0780: 00 03 00 09 00 00 00 06 00 17 00 00 00 00 00 00 
$0790: 00 00 00 00 00 00 00 00 00 00 00 00 00 00 00 00 
$07A0: 05 00 00 00 00 00 00 AD 2C 76 2E C2 9F 1A 00 00 
$07B0: 24 00 00 12 02 00 02 00 12 02 02 00 00 00 00 00 
$07C0: 2C 21 00 00 00 00 00 11 00 00 00 00 00 00 00 00 
$07D0: 00 00 00 00 00 00 00 00 00 00 00 00 00 00 00 00 
$07E0: 00 00 00 00 00 00 00 00 00 00 00 00 00 00 00 00 
$07F0: 00 00 00 00 00 00 00 00 03 09 09 00 00 00 00 A5 

=== FRAME 272 (FC=220) ===
OperMode=1 FC=220 X=77 Y=176 Page=0 Speed=32 State=0

Zero Page ($00-$FF):
$00: 00 03 D0 01 00 4D 20 00 05 DC 40 00 00 40 08 00 
$10: 00 00 00 00 00 00 00 00 00 00 00 00 00 00 00 00 
$20: 00 00 00 00 00 00 00 00 00 00 00 00 00 00 00 00 
$30: 00 00 00 01 00 00 00 00 00 00 00 00 00 00 00 00 
$40: 00 00 00 00 00 01 00 00 00 00 00 00 00 00 00 00 
$50: 00 00 00 00 00 00 00 20 00 00 00 00 00 00 00 00 
$60: 00 00 00 00 00 00 00 00 00 00 00 00 00 00 01 01 
$70: 01 01 01 00 00 00 00 00 00 00 00 00 00 00 00 00 
$80: 00 00 00 00 00 00 4D 60 60 60 60 60 00 00 00 00 
$90: 00 00 00 00 00 00 00 00 00 00 00 00 00 00 00 00 
$A0: 00 00 00 00 00 00 00 00 00 00 00 00 00 00 00 00 
$B0: 00 00 00 00 00 01 01 00 00 00 00 00 00 00 00 00 
$C0: 00 00 00 00 00 00 00 00 00 00 00 00 00 00 B0 E0 
$D0: 00 00 00 00 00 00 00 00 00 00 00 00 00 00 00 00 
$E0: 00 00 00 00 00 00 00 90 A6 01 9F 13 00 00 00 00 
$F0: 18 00 00 00 01 F9 FA 07 11 1C 00 00 00 00 00 00 

Page $0100-$01FF:
$0100: 00 00 00 00 00 00 00 00 00 00 00 00 00 00 00 00 
$0110: 00 00 00 00 00 00 00 00 00 00 00 00 00 00 00 00 
$0120: 00 00 00 00 00 00 00 00 00 00 00 00 00 00 00 00 
$0130: 00 00 00 00 00 00 00 00 00 00 00 00 00 00 00 00 
$0140: 00 00 00 00 00 00 00 00 00 00 00 00 00 00 00 00 
$0150: 00 00 00 00 00 00 00 00 00 00 00 00 00 00 00 00 
$0160: 00 00 00 00 FF FF FF FF 00 00 00 00 FF FF FF FF 
$0170: 00 00 00 00 FF FF FF FF 00 00 00 00 FF FF FF FF 
$0180: 00 00 00 00 FF FF FF FF 00 00 00 00 FF FF FF FF 
$0190: 00 00 00 00 FF FF FF FF 00 00 00 00 FF FF FF FF 
$01A0: 00 00 00 00 FF FF FF FF 00 00 00 00 FF FF FF FF 
$01B0: 00 00 00 00 FF FF FF FF 00 00 00 00 FF FF FF FF 
$01C0: 00 00 00 00 FF FF FF FF 00 00 00 00 FF FF FF FF 
$01D0: 00 00 00 00 FF FF FF FF 00 00 00 00 FF FF FF FF 
$01E0: 00 00 00 00 FF FF FF FF 00 00 00 00 FF AE 9B 05 
$01F0: 05 1D F2 5F E6 EF 4F 0C 41 9B 8F EF 80 A5 57 80 

Page $0200-$02FF:
$0200: 18 FF 23 58 B0 FC 00 4D B0 FC 00 55 B8 FC 00 4D 
$0210: B8 FC 00 55 C0 36 00 4D C0 37 00 55 C8 38 00 4D 
$0220: C8 39 00 55 F8 00 00 00 F8 00 00 00 F8 00 00 00 
$0230: F8 00 00 00 F8 00 00 00 F8 00 00 00 F8 00 00 00 
$0240: F8 00 00 00 F8 00 00 00 F8 00 00 00 F8 00 00 00 
$0250: F8 00 00 00 F8 00 00 00 F8 00 00 00 F8 00 00 00 
$0260: F8 00 00 00 F8 00 00 00 F8 00 00 00 F8 00 00 00 
$0270: F8 00 00 00 F8 00 00 00 F8 00 00 00 F8 00 00 00 
$0280: F8 00 00 00 F8 00 00 00 F8 00 00 00 F8 00 00 00 
$0290: F8 00 00 00 F8 00 00 00 F8 00 00 00 F8 00 00 00 
$02A0: F8 00 00 00 F8 00 00 00 F8 00 00 00 F8 00 00 00 
$02B0: F8 00 00 00 F8 00 00 00 F8 00 00 00 F8 00 00 00 
$02C0: F8 00 00 00 F8 00 00 00 F8 00 00 00 F8 00 00 00 
$02D0: F8 00 00 00 F8 00 00 00 F8 00 00 00 F8 00 00 00 
$02E0: F8 00 00 00 F8 00 00 00 F8 00 00 00 F8 00 00 00 
$02F0: F8 00 00 00 F8 00 00 00 F8 00 00 00 F8 00 00 00 

Page $0300-$03FF:
$0300: 00 00 7A 03 03 09 08 3F 0C 04 0F 27 17 0F 00 00 
$0310: 00 00 00 00 00 00 00 00 00 00 00 00 00 00 00 00 
$0320: 00 00 00 00 00 00 00 00 00 00 00 00 00 00 00 00 
$0330: 00 00 00 00 00 00 00 00 00 00 00 00 00 00 00 00 
$0340: 00 00 00 00 00 00 00 00 00 00 00 00 00 00 00 00 
$0350: 00 00 00 00 00 00 00 00 00 00 00 00 00 00 00 00 
$0360: 00 00 00 00 00 00 00 00 00 00 00 00 00 00 00 00 
$0370: 00 00 00 00 00 00 00 00 00 00 00 00 00 00 00 00 
$0380: 00 00 00 00 00 00 00 00 00 00 00 00 00 00 00 00 
$0390: 00 00 00 00 00 00 00 00 00 00 00 00 00 00 00 00 
$03A0: FF 00 00 00 00 00 00 00 00 00 00 00 00 4D 00 00 
$03B0: 00 00 00 00 00 00 00 00 B0 00 00 00 00 00 00 00 
$03C0: 00 00 00 00 00 00 00 00 00 00 00 00 00 00 00 00 
$03D0: 00 00 00 00 00 00 00 00 00 00 00 00 00 00 00 00 
$03E0: 00 00 00 00 00 00 00 00 00 00 00 00 00 00 00 00 
$03F0: 00 00 00 00 00 00 00 00 00 00 00 00 00 00 00 00 

Page $0400-$04FF:
$0400: 70 00 00 00 00 00 00 00 00 00 00 00 00 00 00 00 
$0410: 00 00 00 00 00 00 00 00 00 00 00 00 00 00 00 00 
$0420: 00 00 00 00 00 00 00 00 00 00 00 00 00 00 00 00 
$0430: 00 00 00 00 00 00 00 00 00 00 00 00 00 00 00 00 
$0440: 00 00 00 00 00 00 00 00 00 00 00 00 00 00 00 00 
$0450: D8 00 00 00 00 00 28 00 00 00 00 00 00 00 00 00 
$0460: 00 00 00 00 00 00 00 00 00 00 00 00 00 00 00 00 
$0470: 00 00 00 00 00 00 00 00 00 00 00 00 00 00 00 00 
$0480: 00 00 00 00 00 00 00 00 00 00 00 00 00 00 00 00 
$0490: FF 00 00 00 00 00 00 00 00 01 00 00 00 00 00 00 
$04A0: 00 00 00 00 00 00 00 00 00 00 00 00 50 C4 5A D0 
$04B0: 00 00 00 00 00 00 00 00 00 00 00 00 00 00 00 00 
$04C0: 00 00 00 00 00 00 00 00 00 00 00 00 00 00 00 00 
$04D0: 00 00 00 00 00 00 00 00 00 00 00 00 00 00 00 00 
$04E0: 00 00 00 00 00 00 00 00 00 00 00 00 00 00 00 00 
$04F0: 00 00 00 00 00 00 00 00 00 00 00 00 00 00 00 00 

Page $0500-$05FF:
$0500: 00 00 00 00 00 00 00 00 00 00 00 00 00 00 00 00 
$0510: 00 00 00 00 00 00 00 00 00 00 00 00 00 00 00 00 
$0520: 00 00 00 00 00 00 00 00 00 00 00 00 00 00 00 00 
$0530: 00 00 00 00 00 00 00 00 00 00 00 00 00 00 00 00 
$0540: 00 00 00 00 00 00 00 00 00 00 00 00 00 00 00 00 
$0550: 00 00 00 00 00 00 00 00 00 00 00 00 00 00 00 00 
$0560: 00 00 00 00 00 00 00 00 00 00 00 00 00 00 00 00 
$0570: 00 00 00 00 00 00 00 00 00 00 00 00 00 00 00 00 
$0580: 00 00 00 00 00 00 00 00 00 00 00 00 00 00 00 00 
$0590: 00 00 00 00 00 00 00 00 00 00 00 00 00 00 00 00 
$05A0: 00 00 00 00 00 00 00 00 00 00 00 00 00 00 00 00 
$05B0: 54 54 54 54 54 54 54 54 54 54 54 54 54 54 54 54 
$05C0: 54 54 54 54 54 54 54 54 54 54 54 54 54 54 54 54 
$05D0: 00 00 00 00 00 00 00 00 00 00 00 00 00 00 00 00 
$05E0: 00 00 00 00 00 00 00 00 00 00 00 00 00 00 00 00 
$05F0: 00 00 00 00 00 00 00 00 00 00 00 00 00 00 00 00 

Page $0600-$06FF:
$0600: 00 00 00 00 00 00 C0 00 00 00 00 00 00 00 00 00 
$0610: 00 00 00 00 00 00 00 00 00 00 00 00 00 00 00 00 
$0620: 00 00 00 00 00 00 00 00 00 00 00 00 00 00 00 00 
$0630: 00 00 00 00 00 00 00 00 00 00 00 00 00 00 00 00 
$0640: C0 00 00 00 51 C1 51 C0 00 00 00 00 00 00 00 00 
$0650: 00 00 00 00 00 00 00 00 00 00 00 00 00 00 00 00 
$0660: 00 00 00 00 00 00 00 00 00 00 00 00 00 00 00 00 
$0670: 00 00 00 00 00 00 00 00 00 00 00 00 00 00 00 00 
$0680: 54 54 54 54 54 54 54 54 00 00 00 00 00 00 00 00 
$0690: 54 54 54 54 54 54 54 54 00 00 00 00 00 00 00 00 
$06A0: 18 00 00 00 00 00 00 00 C0 00 00 02 54 54 00 00 
$06B0: 00 00 00 00 00 00 00 00 00 00 00 00 00 00 00 00 
$06C0: 00 00 00 00 00 00 00 00 00 FF 00 00 00 00 00 00 
$06D0: 00 00 00 00 01 68 00 00 00 00 00 00 00 00 00 00 
$06E0: 02 58 48 38 04 D0 E8 28 40 58 70 88 A0 B0 24 C0 
$06F0: C4 C8 CC 58 60 68 70 78 80 88 90 98 41 00 00 02 

Page $0700-$07FF:
$0700: 20 00 E4 1F 00 A8 00 00 00 00 28 00 02 02 00 00 
$0710: 02 00 00 00 00 01 00 00 00 00 00 00 00 FF FF 00 
$0720: 24 90 01 00 00 01 08 01 00 00 01 00 0A 00 08 02 
$0730: FF FF 00 00 00 00 00 00 00 03 01 00 0C 00 00 00 
$0740: 00 00 02 00 00 00 00 00 00 00 41 00 00 00 01 05 
$0750: C2 00 00 00 01 4D 00 00 00 00 02 00 00 01 00 00 
$0760: 00 02 00 00 01 00 00 00 00 00 00 00 00 00 00 00 
$0770: 01 00 03 00 00 00 00 00 10 1E 00 00 00 00 00 0C 
$0780: 00 01 00 09 00 00 00 14 00 17 00 00 00 00 00 00 
$0790: 00 00 00 00 00 00 00 00 00 00 00 00 00 00 00 00 
$07A0: 04 00 00 00 00 00 00 B0 2B 4B 1D 8B B0 A7 00 00 
$07B0: 25 00 00 09 01 00 01 00 09 01 01 00 00 00 00 00 
$07C0: 30 21 00 00 00 00 00 11 00 00 00 00 00 00 00 00 
$07D0: 00 00 00 00 00 00 00 00 00 00 00 00 00 00 00 00 
$07E0: 00 00 00 00 00 00 00 00 00 00 00 00 00 00 00 00 
$07F0: 00 00 00 00 00 00 00 00 03 09 08 00 00 00 00 A5 

=== FRAME 302 (FC=250) ===
OperMode=1 FC=250 X=144 Y=113 Page=0 Speed=36 State=1

Zero Page ($00-$FF):
$00: 00 03 50 01 06 00 AC 8B 05 FA 00 00 00 00 08 00 
$10: 00 00 00 00 00 00 00 00 00 00 00 00 00 01 00 00 
$20: 00 00 00 00 00 00 00 00 00 00 00 00 00 00 00 00 
$30: 00 00 00 01 00 00 00 00 00 00 00 00 00 00 00 00 
$40: 00 00 00 00 00 01 00 00 00 00 00 00 00 00 00 00 
$50: 00 00 00 00 00 00 00 24 00 00 00 00 00 00 00 00 
$60: 00 00 00 00 00 00 00 00 00 00 00 00 00 00 01 01 
$70: 01 01 01 00 00 00 00 00 00 00 00 00 00 00 00 00 
$80: 00 00 00 00 00 00 90 60 60 60 60 60 00 00 00 00 
$90: 00 00 00 00 00 00 00 00 00 00 00 00 00 00 00 03 
$A0: 00 00 00 00 00 00 00 00 00 00 00 00 00 00 00 00 
$B0: 00 00 00 00 00 01 01 00 00 00 00 00 00 00 00 00 
$C0: 00 00 00 00 00 00 00 00 00 00 00 00 00 00 71 E0 
$D0: 00 00 00 00 00 00 00 00 00 00 00 00 00 00 00 00 
$E0: 00 00 00 00 00 00 00 90 A6 01 9F 13 00 00 00 00 
$F0: 18 80 00 00 01 F9 FA 0B 13 20 00 00 00 00 00 00 

Page $0100-$01FF:
$0100: 00 00 00 00 00 00 00 00 00 00 00 00 00 00 00 00 
$0110: 00 00 00 00 00 00 00 00 00 00 00 00 00 00 00 00 
$0120: 00 00 00 00 00 00 00 00 00 00 00 00 00 00 00 00 
$0130: 00 00 00 00 00 00 00 00 00 00 00 00 00 00 00 00 
$0140: 00 00 00 00 00 00 00 00 00 00 00 00 00 00 00 00 
$0150: 00 00 00 00 00 00 00 00 00 00 00 00 00 00 00 00 
$0160: 00 00 00 00 FF FF FF FF 00 00 00 00 FF FF FF FF 
$0170: 00 00 00 00 FF FF FF FF 00 00 00 00 FF FF FF FF 
$0180: 00 00 00 00 FF FF FF FF 00 00 00 00 FF FF FF FF 
$0190: 00 00 00 00 FF FF FF FF 00 00 00 00 FF FF FF FF 
$01A0: 00 00 00 00 FF FF FF FF 00 00 00 00 FF FF FF FF 
$01B0: 00 00 00 00 FF FF FF FF 00 00 00 00 FF FF FF FF 
$01C0: 00 00 00 00 FF FF FF FF 00 00 00 00 FF FF FF FF 
$01D0: 00 00 00 00 FF FF FF FF 00 00 00 00 FF FF FF FF 
$01E0: 00 00 00 00 FF FF FF FF 00 00 00 00 FF AE 9B 09 
$01F0: 09 1D F2 5F CA 92 BE B3 00 9B 8F EF 80 A5 57 80 

Page $0200-$02FF:
$0200: 18 FF 23 58 71 FC 00 6D 71 FC 00 75 79 FC 00 6D 
$0210: 79 FC 00 75 81 32 00 6D 81 41 00 75 89 42 00 6D 
$0220: 89 43 00 75 F8 00 00 00 F8 00 00 00 F8 00 00 00 
$0230: F8 00 00 00 F8 00 00 00 F8 00 00 00 F8 00 00 00 
$0240: F8 00 00 00 F8 00 00 00 F8 00 00 00 F8 00 00 00 
$0250: F8 00 00 00 F8 00 00 00 F8 00 00 00 F8 00 00 00 
$0260: F8 00 00 00 F8 00 00 00 F8 00 00 00 F8 00 00 00 
$0270: F8 00 00 00 F8 00 00 00 F8 00 00 00 F8 00 00 00 
$0280: F8 00 00 00 F8 00 00 00 F8 00 00 00 F8 00 00 00 
$0290: F8 00 00 00 F8 00 00 00 F8 00 00 00 F8 00 00 00 
$02A0: F8 00 00 00 F8 00 00 00 F8 00 00 00 F8 00 00 00 
$02B0: F8 00 00 00 F8 00 00 00 F8 00 00 00 F8 00 00 00 
$02C0: F8 00 00 00 F8 00 00 00 F8 00 00 00 F8 00 00 00 
$02D0: F8 00 00 00 F8 00 00 00 F8 00 00 00 F8 00 00 00 
$02E0: F8 00 00 00 F8 00 00 00 F8 00 00 00 F8 00 00 00 
$02F0: F8 00 00 00 F8 00 00 00 F8 00 00 00 F8 00 00 00 

Page $0300-$03FF:
$0300: 07 3F 0C 04 0F 07 17 0F 00 04 0F 17 17 0F 00 00 
$0310: 00 00 00 00 00 00 00 00 00 00 00 00 00 00 00 00 
$0320: 00 00 00 00 00 00 00 00 00 00 00 00 00 00 00 00 
$0330: 00 00 00 00 00 00 00 00 00 00 00 00 00 00 00 00 
$0340: 00 00 91 9A 24 24 24 24 24 24 24 24 24 24 24 24 
$0350: 24 24 45 47 24 24 24 24 37 25 B5 B7 B5 B7 00 00 
$0360: 00 00 00 00 00 00 00 00 00 00 00 00 00 00 00 00 
$0370: 00 00 00 00 00 00 00 00 00 00 00 00 00 00 00 00 
$0380: 00 00 00 00 00 00 00 00 00 00 00 00 00 00 00 00 
$0390: 00 00 00 00 00 00 00 00 00 00 00 00 00 00 00 00 
$03A0: FF 00 00 00 00 00 00 00 00 00 00 00 00 6D 00 00 
$03B0: 00 00 00 00 00 00 00 00 71 00 00 00 00 00 00 00 
$03C0: 00 00 00 00 00 00 00 00 00 00 00 00 00 00 00 00 
$03D0: 00 00 00 00 00 00 00 00 00 00 00 00 00 00 00 00 
$03E0: 00 00 00 00 00 00 00 00 00 00 00 00 00 00 00 00 
$03F0: 00 00 00 00 00 00 00 00 00 00 00 00 10 00 10 01 

Page $0400-$04FF:
$0400: 90 00 00 00 00 00 00 00 00 00 00 00 00 00 00 00 
$0410: 00 00 00 00 00 00 58 00 00 00 00 00 00 00 00 00 
$0420: 00 00 00 00 00 00 00 00 00 00 00 00 00 00 00 00 
$0430: 00 00 00 70 00 00 00 00 00 00 00 00 00 00 00 00 
$0440: 00 00 00 00 00 00 00 00 00 00 00 00 00 00 00 00 
$0450: D8 00 00 00 00 00 28 00 00 00 00 00 00 00 00 00 
$0460: 00 00 00 00 00 00 00 00 00 00 00 00 00 00 00 00 
$0470: 00 00 00 00 00 00 00 00 00 00 00 00 00 00 00 00 
$0480: 00 00 00 00 00 00 00 00 00 00 00 00 00 00 00 00 
$0490: FF 00 00 00 00 00 00 00 00 01 00 00 00 00 00 00 
$04A0: 00 00 00 00 00 00 00 00 00 00 00 00 70 85 7A 91 
$04B0: 00 00 00 00 00 00 00 00 00 00 00 00 00 00 00 00 
$04C0: 00 00 00 00 00 00 00 00 00 00 00 00 00 00 00 00 
$04D0: 00 00 00 00 00 00 00 00 00 00 00 00 00 00 00 00 
$04E0: 00 00 00 00 00 00 00 00 00 00 00 00 00 00 00 00 
$04F0: 00 00 00 00 00 00 00 00 00 00 00 00 00 00 00 00 

Page $0500-$05FF:
$0500: 00 00 00 00 00 00 00 00 00 00 00 00 00 00 00 00 
$0510: 00 00 00 00 00 00 00 00 00 00 00 00 00 00 00 00 
$0520: 00 00 00 00 00 00 00 00 00 00 00 00 00 00 00 00 
$0530: 00 00 00 00 00 00 00 00 00 00 00 00 00 00 00 00 
$0540: 00 00 00 00 00 00 00 00 00 00 00 00 00 00 00 00 
$0550: 00 00 00 00 00 00 00 00 00 00 00 00 00 00 00 00 
$0560: 00 00 00 00 00 00 00 00 00 00 00 00 00 00 00 00 
$0570: 00 00 00 00 00 00 00 00 00 00 00 00 00 00 00 00 
$0580: 00 00 00 00 00 00 00 00 00 00 00 00 00 00 00 00 
$0590: 00 00 00 00 00 00 00 00 00 00 00 00 00 00 00 00 
$05A0: 00 00 00 00 00 00 00 00 00 00 00 00 00 00 00 00 
$05B0: 54 54 54 54 54 54 54 54 54 54 54 54 54 54 54 54 
$05C0: 54 54 54 54 54 54 54 54 54 54 54 54 54 54 54 54 
$05D0: 00 00 00 00 00 00 00 00 00 00 00 00 00 00 00 00 
$05E0: 00 00 00 00 00 00 00 00 00 00 00 00 00 00 00 00 
$05F0: 00 00 00 00 00 00 00 00 00 00 00 00 00 00 00 00 

Page $0600-$06FF:
$0600: 00 00 00 00 00 00 C0 00 00 00 00 00 00 00 00 00 
$0610: 00 00 00 00 00 00 00 00 00 00 00 00 00 00 00 00 
$0620: 00 00 00 00 00 00 00 00 00 00 00 00 00 00 00 00 
$0630: 00 00 00 00 00 00 00 00 00 00 00 00 00 00 00 00 
$0640: C0 00 00 00 51 C1 51 C0 51 00 00 00 00 00 00 00 
$0650: 00 00 00 00 00 00 00 00 00 00 00 00 00 00 00 00 
$0660: 00 00 00 00 00 00 00 00 00 00 00 00 00 00 00 00 
$0670: 00 00 00 00 00 00 00 00 00 00 00 00 00 00 00 00 
$0680: 54 54 54 54 54 54 54 54 54 00 00 00 00 00 00 00 
$0690: 54 54 54 54 54 54 54 54 54 00 00 00 00 00 00 00 
$06A0: 18 00 00 00 00 00 00 00 51 00 00 03 54 54 00 00 
$06B0: 00 00 00 00 00 00 00 00 00 00 00 00 00 00 00 00 
$06C0: 00 00 00 00 00 00 00 00 00 FF 00 00 00 00 00 00 
$06D0: 00 00 00 00 05 80 00 00 00 00 00 00 00 00 00 00 
$06E0: 02 58 48 38 04 D0 E8 28 40 58 70 88 A0 B0 24 C0 
$06F0: C4 C8 CC 58 60 68 70 78 80 88 90 98 00 00 00 02 

Page $0700-$07FF:
$0700: 24 00 E4 21 00 38 01 01 B0 90 90 00 02 00 00 00 
$0710: 02 00 00 00 00 01 00 00 00 00 00 01 23 22 FF 05 
$0720: 24 92 01 00 00 01 08 01 00 00 01 00 0A 00 08 02 
$0730: FF FF FF 00 00 00 00 00 00 03 01 00 0C 03 00 23 
$0740: 00 00 02 00 00 00 00 00 00 00 00 00 00 00 01 05 
$0750: C2 00 00 00 01 6D 00 00 00 00 02 00 00 01 00 00 
$0760: 00 02 00 00 01 00 00 00 00 00 00 00 00 00 00 00 
$0770: 01 00 03 00 00 01 00 00 14 1E 00 00 00 00 00 03 
$0780: 00 00 04 00 00 00 00 0E 00 17 00 00 00 00 00 00 
$0790: 00 00 00 00 00 08 00 00 00 00 00 00 00 00 00 00 
$07A0: 03 00 00 00 00 00 00 0E E6 F6 6D 81 5A 58 00 00 
$07B0: 27 00 00 24 19 00 07 06 24 19 10 0C 00 00 00 00 
$07C0: 30 21 00 00 00 00 00 11 00 00 00 00 00 00 00 00 
$07D0: 00 00 00 00 00 00 00 00 00 00 00 00 00 00 00 00 
$07E0: 00 00 00 00 00 00 00 00 00 00 00 00 00 00 00 00 
$07F0: 00 00 00 00 00 00 00 00 03 09 07 00 00 00 00 A5 
