# Frame index for RAM dump
# Format: FRAME_NUM BYTE_OFFSET NMI_ENABLED
0 0 0
1 2048 0
2 4096 0
3 6144 0
4 8192 1
5 10240 0
6 12288 0
7 14336 1
8 16384 1
9 18432 1
10 20480 1
11 22528 1
12 24576 1
13 26624 1
14 28672 1
15 30720 1
16 32768 1
17 34816 1
18 36864 1
19 38912 1
20 40960 1
21 43008 1
22 45056 1
23 47104 1
24 49152 1
25 51200 1
26 53248 1
27 55296 1
28 57344 1
29 59392 1
30 61440 1
31 63488 1
32 65536 1
33 67584 1
34 69632 1
35 71680 1
36 73728 1
37 75776 1
38 77824 1
39 79872 1
40 81920 1
41 83968 1
42 86016 0
43 88064 1
44 90112 1
45 92160 1
46 94208 1
47 96256 1
48 98304 1
49 100352 1
50 102400 1
51 104448 1
52 106496 0
53 108544 1
54 110592 1
55 112640 1
56 114688 1
57 116736 1
58 118784 1
59 120832 1
60 122880 1
61 124928 1
62 126976 1
63 129024 1
64 131072 1
65 133120 1
66 135168 1
67 137216 1
68 139264 1
69 141312 1
70 143360 1
71 145408 1
72 147456 1
73 149504 1
74 151552 1
75 153600 1
76 155648 1
77 157696 1
78 159744 1
79 161792 1
80 163840 1
81 165888 1
82 167936 1
83 169984 1
84 172032 1
85 174080 1
86 176128 1
87 178176 1
88 180224 1
89 182272 1
90 184320 1
91 186368 1
92 188416 1
93 190464 1
94 192512 1
95 194560 1
96 196608 1
97 198656 1
98 200704 1
99 202752 1
100 204800 1
101 206848 1
102 208896 1
103 210944 1
104 212992 1
105 215040 1
106 217088 1
107 219136 1
108 221184 1
109 223232 1
110 225280 1
111 227328 1
112 229376 1
113 231424 1
114 233472 1
115 235520 1
116 237568 1
117 239616 1
118 241664 1
119 243712 1
120 245760 1
121 247808 1
122 249856 1
123 251904 1
124 253952 1
125 256000 1
126 258048 1
127 260096 1
128 262144 1
129 264192 1
130 266240 1
131 268288 1
132 270336 1
133 272384 1
134 274432 1
135 276480 1
136 278528 1
137 280576 1
138 282624 1
139 284672 1
140 286720 1
141 288768 1
142 290816 1
143 292864 1
144 294912 1
145 296960 1
146 299008 1
147 301056 1
148 303104 1
149 305152 1
150 307200 1
151 309248 1
152 311296 1
153 313344 1
154 315392 1
155 317440 1
156 319488 1
157 321536 1
158 323584 1
159 325632 1
160 327680 1
161 329728 1
162 331776 1
163 333824 1
164 335872 1
165 337920 1
166 339968 1
167 342016 1
168 344064 1
169 346112 1
170 348160 1
171 350208 1
172 352256 1
173 354304 1
174 356352 1
175 358400 1
176 360448 1
177 362496 1
178 364544 1
179 366592 1
180 368640 1
181 370688 1
182 372736 1
183 374784 1
184 376832 1
185 378880 1
186 380928 1
187 382976 1
188 385024 1
189 387072 1
190 389120 1
191 391168 1
192 393216 1
193 395264 1
194 397312 1
195 399360 1
196 401408 1
197 403456 1
198 405504 1
199 407552 1
200 409600 1
201 411648 1
202 413696 1
203 415744 1
204 417792 1
205 419840 1
206 421888 1
207 423936 1
208 425984 1
209 428032 1
210 430080 1
211 432128 1
212 434176 1
213 436224 1
214 438272 1
215 440320 1
216 442368 1
217 444416 1
218 446464 1
219 448512 1
220 450560 1
221 452608 1
222 454656 1
223 456704 1
224 458752 1
225 460800 1
226 462848 1
227 464896 1
228 466944 1
229 468992 1
230 471040 1
231 473088 1
232 475136 1
233 477184 1
234 479232 1
235 481280 1
236 483328 1
237 485376 1
238 487424 1
239 489472 1
240 491520 1
241 493568 1
242 495616 1
243 497664 1
244 499712 1
245 501760 1
246 503808 1
247 505856 1
248 507904 1
249 509952 1
250 512000 1
251 514048 1
252 516096 1
253 518144 1
254 520192 1
255 522240 1
256 524288 1
257 526336 1
258 528384 1
259 530432 1
260 532480 1
261 534528 1
262 536576 1
263 538624 1
264 540672 1
265 542720 1
266 544768 1
267 546816 1
268 548864 1
269 550912 1
270 552960 1
271 555008 1
272 557056 1
273 559104 1
274 561152 1
275 563200 1
276 565248 1
277 567296 1
278 569344 1
279 571392 1
280 573440 1
281 575488 1
282 577536 1
283 579584 1
284 581632 1
285 583680 1
286 585728 1
287 587776 1
288 589824 1
289 591872 1
290 593920 1
291 595968 1
292 598016 1
293 600064 1
294 602112 1
295 604160 1
296 606208 1
297 608256 1
298 610304 1
299 612352 1
300 614400 1
301 616448 1
302 618496 1
303 620544 1
304 622592 1
305 624640 1
306 626688 1
307 628736 1
308 630784 1
309 632832 1
310 634880 1
311 636928 1
312 638976 1
313 641024 1
314 643072 1
315 645120 1
316 647168 1
317 649216 1
318 651264 1
319 653312 1
320 655360 1
321 657408 1
322 659456 1
323 661504 1
324 663552 1
325 665600 1
326 667648 1
327 669696 1
328 671744 1
329 673792 1
330 675840 1
331 677888 1
332 679936 1
333 681984 1
334 684032 1
335 686080 1
336 688128 1
337 690176 1
338 692224 1
339 694272 1
340 696320 1
341 698368 1
342 700416 1
343 702464 1
344 704512 1
345 706560 1
346 708608 1
347 710656 1
348 712704 1
349 714752 1
350 716800 1
351 718848 1
352 720896 1
353 722944 1
354 724992 1
355 727040 1
356 729088 1
357 731136 1
358 733184 1
359 735232 1
360 737280 1
361 739328 1
362 741376 1
363 743424 1
364 745472 1
365 747520 1
366 749568 1
367 751616 1
368 753664 1
369 755712 1
370 757760 1
371 759808 1
372 761856 1
373 763904 1
374 765952 1
375 768000 1
376 770048 1
377 772096 1
378 774144 1
379 776192 1
380 778240 1
381 780288 1
382 782336 1
383 784384 1
384 786432 1
385 788480 1
386 790528 1
387 792576 1
388 794624 1
389 796672 1
390 798720 1
391 800768 1
392 802816 1
393 804864 1
394 806912 1
395 808960 1
396 811008 1
397 813056 1
398 815104 1
399 817152 1
400 819200 1
401 821248 1
402 823296 1
403 825344 1
404 827392 1
405 829440 1
406 831488 1
407 833536 1
408 835584 1
409 837632 1
410 839680 1
411 841728 1
412 843776 1
413 845824 1
414 847872 1
415 849920 1
416 851968 1
417 854016 1
418 856064 1
419 858112 1
420 860160 1
421 862208 1
422 864256 1
423 866304 1
424 868352 1
425 870400 1
426 872448 1
427 874496 1
428 876544 1
429 878592 1
430 880640 1
431 882688 1
432 884736 1
433 886784 1
434 888832 1
435 890880 1
436 892928 1
437 894976 1
438 897024 1
439 899072 1
440 901120 1
441 903168 1
442 905216 1
443 907264 1
444 909312 1
445 911360 1
446 913408 1
447 915456 1
448 917504 1
449 919552 1
450 921600 1
451 923648 1
452 925696 1
453 927744 1
454 929792 1
455 931840 1
456 933888 1
457 935936 1
458 937984 1
459 940032 1
460 942080 1
461 944128 1
462 946176 1
463 948224 1
464 950272 1
465 952320 1
466 954368 1
467 956416 1
468 958464 1
469 960512 1
470 962560 1
471 964608 1
472 966656 1
473 968704 1
474 970752 1
475 972800 1
476 974848 1
477 976896 1
478 978944 1
479 980992 1
480 983040 1
481 985088 1
482 987136 1
483 989184 1
484 991232 1
485 993280 1
486 995328 1
487 997376 1
488 999424 1
489 1001472 1
490 1003520 1
491 1005568 1
492 1007616 1
493 1009664 1
494 1011712 1
495 1013760 1
496 1015808 1
497 1017856 1
498 1019904 1
499 1021952 1
500 1024000 1
501 1026048 1
502 1028096 1
503 1030144 1
504 1032192 1
505 1034240 1
506 1036288 1
507 1038336 1
508 1040384 1
509 1042432 1
510 1044480 1
511 1046528 1
512 1048576 1
513 1050624 1
514 1052672 1
515 1054720 1
516 1056768 1
517 1058816 1
518 1060864 1
519 1062912 1
520 1064960 1
521 1067008 1
522 1069056 1
523 1071104 1
524 1073152 1
525 1075200 1
526 1077248 1
527 1079296 1
528 1081344 1
529 1083392 1
530 1085440 1
531 1087488 1
532 1089536 1
533 1091584 1
534 1093632 1
535 1095680 1
536 1097728 1
537 1099776 1
538 1101824 1
539 1103872 1
540 1105920 1
541 1107968 1
542 1110016 1
543 1112064 1
544 1114112 1
545 1116160 1
546 1118208 1
547 1120256 1
548 1122304 1
549 1124352 1
550 1126400 1
551 1128448 1
552 1130496 1
553 1132544 1
554 1134592 1
555 1136640 1
556 1138688 1
557 1140736 1
558 1142784 1
559 1144832 1
560 1146880 1
561 1148928 1
562 1150976 1
563 1153024 1
564 1155072 1
565 1157120 1
566 1159168 1
567 1161216 1
568 1163264 1
569 1165312 1
570 1167360 1
571 1169408 1
572 1171456 1
573 1173504 1
574 1175552 1
575 1177600 1
576 1179648 1
577 1181696 1
578 1183744 1
579 1185792 1
580 1187840 1
581 1189888 1
582 1191936 1
583 1193984 1
584 1196032 1
585 1198080 1
586 1200128 1
587 1202176 1
588 1204224 1
589 1206272 1
590 1208320 1
591 1210368 1
592 1212416 1
593 1214464 1
594 1216512 1
595 1218560 1
596 1220608 1
597 1222656 1
598 1224704 1
599 1226752 1
600 1228800 1
601 1230848 1
602 1232896 1
603 1234944 1
604 1236992 1
605 1239040 1
606 1241088 1
607 1243136 1
608 1245184 1
609 1247232 1
610 1249280 1
611 1251328 1
612 1253376 0
613 1255424 1
614 1257472 1
615 1259520 1
616 1261568 1
617 1263616 1
618 1265664 1
619 1267712 1
620 1269760 1
621 1271808 1
622 1273856 1
623 1275904 1
624 1277952 1
625 1280000 1
626 1282048 1
627 1284096 1
628 1286144 1
629 1288192 1
630 1290240 1
631 1292288 1
632 1294336 1
633 1296384 1
634 1298432 1
635 1300480 1
636 1302528 1
637 1304576 1
638 1306624 1
639 1308672 1
640 1310720 1
641 1312768 1
642 1314816 1
643 1316864 1
644 1318912 1
645 1320960 1
646 1323008 1
647 1325056 1
648 1327104 1
649 1329152 1
650 1331200 1
651 1333248 1
652 1335296 1
653 1337344 1
654 1339392 1
655 1341440 1
656 1343488 1
657 1345536 1
658 1347584 1
659 1349632 1
660 1351680 1
661 1353728 1
662 1355776 1
663 1357824 1
664 1359872 1
665 1361920 1
666 1363968 1
667 1366016 1
668 1368064 1
669 1370112 1
670 1372160 1
671 1374208 1
672 1376256 1
673 1378304 1
674 1380352 1
675 1382400 1
676 1384448 1
677 1386496 1
678 1388544 1
679 1390592 1
680 1392640 1
681 1394688 1
682 1396736 1
683 1398784 1
684 1400832 1
685 1402880 1
686 1404928 1
687 1406976 1
688 1409024 1
689 1411072 1
690 1413120 1
691 1415168 1
692 1417216 1
693 1419264 1
694 1421312 1
695 1423360 1
696 1425408 1
697 1427456 1
698 1429504 1
699 1431552 1
700 1433600 1
701 1435648 1
702 1437696 1
703 1439744 1
704 1441792 1
705 1443840 1
706 1445888 1
707 1447936 1
708 1449984 1
709 1452032 1
710 1454080 1
711 1456128 1
712 1458176 1
713 1460224 1
714 1462272 1
715 1464320 1
716 1466368 1
717 1468416 1
718 1470464 1
719 1472512 1
720 1474560 1
721 1476608 1
722 1478656 1
723 1480704 1
724 1482752 1
725 1484800 1
726 1486848 1
727 1488896 1
728 1490944 1
729 1492992 1
730 1495040 1
731 1497088 1
732 1499136 1
733 1501184 1
734 1503232 1
735 1505280 1
736 1507328 1
737 1509376 1
738 1511424 1
739 1513472 1
740 1515520 1
741 1517568 1
742 1519616 1
743 1521664 1
744 1523712 1
745 1525760 1
746 1527808 1
747 1529856 1
748 1531904 1
749 1533952 1
750 1536000 1
751 1538048 1
752 1540096 1
753 1542144 1
754 1544192 1
755 1546240 1
756 1548288 1
757 1550336 1
758 1552384 1
759 1554432 1
760 1556480 1
761 1558528 1
762 1560576 1
763 1562624 1
764 1564672 1
765 1566720 1
766 1568768 1
767 1570816 1
768 1572864 1
769 1574912 1
770 1576960 1
771 1579008 1
772 1581056 1
773 1583104 1
774 1585152 1
775 1587200 1
776 1589248 1
777 1591296 1
778 1593344 1
779 1595392 1
780 1597440 1
781 1599488 1
782 1601536 1
783 1603584 1
784 1605632 1
785 1607680 1
786 1609728 1
787 1611776 1
788 1613824 1
789 1615872 1
790 1617920 1
791 1619968 1
792 1622016 1
793 1624064 1
794 1626112 1
795 1628160 1
796 1630208 1
797 1632256 1
798 1634304 1
799 1636352 1
800 1638400 1
801 1640448 1
802 1642496 1
803 1644544 1
804 1646592 1
805 1648640 1
806 1650688 1
807 1652736 1
808 1654784 1
809 1656832 1
810 1658880 1
811 1660928 1
812 1662976 1
813 1665024 1
814 1667072 1
815 1669120 1
816 1671168 1
817 1673216 1
818 1675264 1
819 1677312 1
820 1679360 1
821 1681408 1
822 1683456 1
823 1685504 1
824 1687552 1
825 1689600 1
826 1691648 1
827 1693696 1
828 1695744 1
829 1697792 1
830 1699840 1
831 1701888 1
832 1703936 1
833 1705984 1
834 1708032 1
835 1710080 1
836 1712128 1
837 1714176 1
838 1716224 1
839 1718272 1
840 1720320 1
841 1722368 1
842 1724416 1
843 1726464 1
844 1728512 1
845 1730560 1
846 1732608 1
847 1734656 1
848 1736704 1
849 1738752 1
850 1740800 1
851 1742848 1
852 1744896 1
853 1746944 1
854 1748992 1
855 1751040 1
856 1753088 1
857 1755136 1
858 1757184 1
859 1759232 1
860 1761280 1
861 1763328 1
862 1765376 1
863 1767424 1
864 1769472 1
865 1771520 1
866 1773568 1
867 1775616 1
868 1777664 1
869 1779712 1
870 1781760 1
871 1783808 1
872 1785856 1
873 1787904 1
874 1789952 1
875 1792000 1
876 1794048 1
877 1796096 1
878 1798144 1
879 1800192 1
880 1802240 1
881 1804288 1
882 1806336 1
883 1808384 1
884 1810432 1
885 1812480 1
886 1814528 1
887 1816576 1
888 1818624 1
889 1820672 1
890 1822720 1
891 1824768 1
892 1826816 1
893 1828864 1
894 1830912 1
895 1832960 1
896 1835008 1
897 1837056 1
898 1839104 1
899 1841152 1
900 1843200 1
901 1845248 1
902 1847296 1
903 1849344 1
904 1851392 1
905 1853440 1
906 1855488 1
907 1857536 1
908 1859584 1
909 1861632 1
910 1863680 1
911 1865728 1
912 1867776 1
913 1869824 1
914 1871872 1
915 1873920 1
916 1875968 1
917 1878016 1
918 1880064 1
919 1882112 1
920 1884160 1
921 1886208 1
922 1888256 1
923 1890304 1
924 1892352 1
925 1894400 1
926 1896448 0
927 1898496 1
928 1900544 1
929 1902592 1
930 1904640 1
931 1906688 1
932 1908736 1
933 1910784 1
934 1912832 1
935 1914880 1
936 1916928 1
937 1918976 1
938 1921024 1
939 1923072 1
940 1925120 1
941 1927168 1
942 1929216 1
943 1931264 1
944 1933312 1
945 1935360 1
946 1937408 1
947 1939456 1
948 1941504 1
949 1943552 1
950 1945600 1
951 1947648 1
952 1949696 1
953 1951744 1
954 1953792 1
955 1955840 1
956 1957888 1
957 1959936 1
958 1961984 1
959 1964032 1
960 1966080 1
961 1968128 1
962 1970176 1
963 1972224 1
964 1974272 1
965 1976320 1
966 1978368 1
967 1980416 1
968 1982464 1
969 1984512 1
970 1986560 1
971 1988608 1
972 1990656 1
973 1992704 1
974 1994752 1
975 1996800 1
976 1998848 1
977 2000896 1
978 2002944 1
979 2004992 1
980 2007040 1
981 2009088 1
982 2011136 1
983 2013184 1
984 2015232 1
985 2017280 1
986 2019328 1
987 2021376 1
988 2023424 1
989 2025472 1
990 2027520 1
991 2029568 1
992 2031616 1
993 2033664 1
994 2035712 1
995 2037760 1
996 2039808 1
997 2041856 1
998 2043904 1
999 2045952 1
1000 2048000 1
1001 2050048 1
1002 2052096 1
1003 2054144 1
1004 2056192 1
1005 2058240 1
1006 2060288 1
1007 2062336 1
1008 2064384 1
1009 2066432 1
1010 2068480 1
1011 2070528 1
1012 2072576 1
1013 2074624 1
1014 2076672 1
1015 2078720 1
1016 2080768 1
1017 2082816 1
1018 2084864 1
1019 2086912 1
1020 2088960 1
1021 2091008 1
1022 2093056 1
1023 2095104 1
1024 2097152 1
1025 2099200 1
1026 2101248 1
1027 2103296 1
1028 2105344 1
1029 2107392 1
1030 2109440 1
1031 2111488 1
1032 2113536 1
1033 2115584 1
1034 2117632 1
1035 2119680 1
1036 2121728 1
1037 2123776 1
1038 2125824 1
1039 2127872 1
1040 2129920 1
1041 2131968 1
1042 2134016 1
1043 2136064 1
1044 2138112 1
1045 2140160 1
1046 2142208 1
1047 2144256 1
1048 2146304 1
1049 2148352 1
1050 2150400 1
1051 2152448 1
1052 2154496 1
1053 2156544 1
1054 2158592 1
1055 2160640 1
1056 2162688 1
1057 2164736 1
1058 2166784 1
1059 2168832 1
1060 2170880 1
1061 2172928 1
1062 2174976 1
1063 2177024 1
1064 2179072 1
1065 2181120 1
1066 2183168 1
1067 2185216 1
1068 2187264 1
1069 2189312 1
1070 2191360 1
1071 2193408 1
1072 2195456 1
1073 2197504 1
1074 2199552 1
1075 2201600 1
1076 2203648 1
1077 2205696 1
1078 2207744 1
1079 2209792 1
1080 2211840 1
1081 2213888 1
1082 2215936 1
1083 2217984 1
1084 2220032 1
1085 2222080 1
1086 2224128 1
1087 2226176 1
1088 2228224 1
1089 2230272 1
1090 2232320 1
1091 2234368 1
1092 2236416 1
1093 2238464 1
1094 2240512 1
1095 2242560 1
1096 2244608 1
1097 2246656 1
1098 2248704 1
1099 2250752 1
1100 2252800 1
1101 2254848 1
1102 2256896 1
1103 2258944 1
1104 2260992 1
1105 2263040 1
1106 2265088 1
1107 2267136 1
1108 2269184 1
1109 2271232 1
1110 2273280 1
1111 2275328 1
1112 2277376 1
1113 2279424 1
1114 2281472 1
1115 2283520 1
1116 2285568 1
1117 2287616 1
1118 2289664 1
1119 2291712 1
1120 2293760 1
1121 2295808 1
1122 2297856 1
1123 2299904 1
1124 2301952 1
1125 2304000 1
1126 2306048 1
1127 2308096 1
1128 2310144 1
1129 2312192 1
1130 2314240 1
1131 2316288 1
1132 2318336 1
1133 2320384 1
1134 2322432 1
1135 2324480 1
1136 2326528 1
1137 2328576 1
1138 2330624 1
1139 2332672 1
1140 2334720 1
1141 2336768 1
1142 2338816 1
1143 2340864 1
1144 2342912 1
1145 2344960 1
1146 2347008 1
1147 2349056 1
1148 2351104 1
1149 2353152 1
1150 2355200 1
1151 2357248 1
1152 2359296 1
1153 2361344 1
1154 2363392 1
1155 2365440 1
1156 2367488 1
1157 2369536 1
1158 2371584 1
1159 2373632 1
1160 2375680 1
1161 2377728 1
1162 2379776 1
1163 2381824 1
1164 2383872 1
1165 2385920 1
1166 2387968 1
1167 2390016 1
1168 2392064 1
1169 2394112 1
1170 2396160 1
1171 2398208 1
1172 2400256 1
1173 2402304 1
1174 2404352 1
1175 2406400 1
1176 2408448 1
1177 2410496 1
1178 2412544 1
1179 2414592 1
1180 2416640 1
1181 2418688 1
1182 2420736 1
1183 2422784 1
1184 2424832 1
1185 2426880 1
1186 2428928 1
1187 2430976 1
1188 2433024 1
1189 2435072 1
1190 2437120 1
1191 2439168 1
1192 2441216 1
1193 2443264 1
1194 2445312 1
1195 2447360 1
1196 2449408 1
1197 2451456 1
1198 2453504 1
1199 2455552 1
1200 2457600 1
1201 2459648 1
1202 2461696 1
1203 2463744 1
1204 2465792 1
1205 2467840 1
1206 2469888 1
1207 2471936 1
1208 2473984 1
1209 2476032 1
1210 2478080 1
1211 2480128 1
1212 2482176 1
1213 2484224 1
1214 2486272 1
1215 2488320 1
1216 2490368 1
1217 2492416 1
1218 2494464 1
1219 2496512 1
1220 2498560 1
1221 2500608 1
1222 2502656 1
1223 2504704 1
1224 2506752 1
1225 2508800 1
1226 2510848 1
1227 2512896 1
1228 2514944 1
1229 2516992 1
1230 2519040 1
1231 2521088 1
1232 2523136 1
1233 2525184 1
1234 2527232 1
1235 2529280 1
1236 2531328 1
1237 2533376 1
1238 2535424 1
1239 2537472 1
1240 2539520 1
1241 2541568 1
1242 2543616 1
1243 2545664 1
1244 2547712 1
1245 2549760 1
1246 2551808 1
1247 2553856 1
1248 2555904 1
1249 2557952 1
1250 2560000 1
1251 2562048 1
1252 2564096 1
1253 2566144 1
1254 2568192 1
1255 2570240 1
1256 2572288 1
1257 2574336 1
1258 2576384 1
1259 2578432 1
1260 2580480 1
1261 2582528 1
1262 2584576 1
1263 2586624 1
1264 2588672 1
1265 2590720 1
1266 2592768 1
1267 2594816 1
1268 2596864 1
1269 2598912 1
1270 2600960 1
1271 2603008 1
1272 2605056 1
1273 2607104 1
1274 2609152 1
1275 2611200 1
1276 2613248 1
1277 2615296 1
1278 2617344 1
1279 2619392 1
1280 2621440 1
1281 2623488 1
1282 2625536 1
1283 2627584 1
1284 2629632 1
1285 2631680 1
1286 2633728 1
1287 2635776 1
1288 2637824 1
1289 2639872 1
1290 2641920 1
1291 2643968 1
1292 2646016 1
1293 2648064 1
1294 2650112 1
1295 2652160 1
1296 2654208 1
1297 2656256 1
1298 2658304 1
1299 2660352 1
1300 2662400 1
1301 2664448 1
1302 2666496 1
1303 2668544 1
1304 2670592 1
1305 2672640 1
1306 2674688 1
1307 2676736 1
1308 2678784 1
1309 2680832 1
1310 2682880 1
1311 2684928 1
1312 2686976 1
1313 2689024 1
1314 2691072 1
1315 2693120 1
1316 2695168 1
1317 2697216 1
1318 2699264 1
1319 2701312 1
1320 2703360 1
1321 2705408 1
1322 2707456 1
1323 2709504 1
1324 2711552 1
1325 2713600 1
1326 2715648 1
1327 2717696 1
1328 2719744 1
1329 2721792 1
1330 2723840 1
1331 2725888 1
1332 2727936 1
1333 2729984 1
1334 2732032 1
1335 2734080 1
1336 2736128 1
1337 2738176 1
1338 2740224 1
1339 2742272 1
1340 2744320 1
1341 2746368 1
1342 2748416 1
1343 2750464 1
1344 2752512 1
1345 2754560 1
1346 2756608 1
1347 2758656 1
1348 2760704 1
1349 2762752 1
1350 2764800 1
1351 2766848 1
1352 2768896 1
1353 2770944 1
1354 2772992 1
1355 2775040 1
1356 2777088 1
1357 2779136 1
1358 2781184 1
1359 2783232 1
1360 2785280 1
1361 2787328 1
1362 2789376 1
1363 2791424 1
1364 2793472 1
1365 2795520 1
1366 2797568 1
1367 2799616 1
1368 2801664 1
1369 2803712 1
1370 2805760 1
1371 2807808 1
1372 2809856 1
1373 2811904 1
1374 2813952 1
1375 2816000 1
1376 2818048 1
1377 2820096 1
1378 2822144 1
1379 2824192 1
1380 2826240 1
1381 2828288 1
1382 2830336 1
1383 2832384 1
1384 2834432 1
1385 2836480 1
1386 2838528 1
1387 2840576 1
1388 2842624 1
1389 2844672 1
1390 2846720 1
1391 2848768 1
1392 2850816 1
1393 2852864 1
1394 2854912 1
1395 2856960 1
1396 2859008 1
1397 2861056 1
1398 2863104 1
1399 2865152 1
1400 2867200 1
1401 2869248 1
1402 2871296 1
1403 2873344 1
1404 2875392 1
1405 2877440 1
1406 2879488 1
1407 2881536 1
1408 2883584 1
1409 2885632 1
1410 2887680 1
1411 2889728 1
1412 2891776 1
1413 2893824 1
1414 2895872 1
1415 2897920 1
1416 2899968 1
1417 2902016 1
1418 2904064 1
1419 2906112 1
1420 2908160 1
1421 2910208 1
1422 2912256 1
1423 2914304 1
1424 2916352 1
1425 2918400 1
1426 2920448 1
1427 2922496 1
1428 2924544 1
1429 2926592 1
1430 2928640 1
1431 2930688 1
1432 2932736 1
1433 2934784 1
1434 2936832 1
1435 2938880 1
1436 2940928 1
1437 2942976 1
1438 2945024 1
1439 2947072 1
1440 2949120 1
1441 2951168 1
1442 2953216 1
1443 2955264 1
1444 2957312 1
1445 2959360 1
1446 2961408 1
1447 2963456 1
1448 2965504 1
1449 2967552 1
1450 2969600 1
1451 2971648 1
1452 2973696 1
1453 2975744 1
1454 2977792 1
1455 2979840 1
1456 2981888 1
1457 2983936 1
1458 2985984 1
1459 2988032 1
1460 2990080 1
1461 2992128 1
1462 2994176 1
1463 2996224 1
1464 2998272 1
1465 3000320 1
1466 3002368 1
1467 3004416 1
1468 3006464 1
1469 3008512 1
1470 3010560 1
1471 3012608 1
1472 3014656 1
1473 3016704 1
1474 3018752 1
1475 3020800 1
1476 3022848 1
1477 3024896 1
1478 3026944 1
1479 3028992 1
1480 3031040 1
1481 3033088 1
1482 3035136 1
1483 3037184 1
1484 3039232 1
1485 3041280 1
1486 3043328 1
1487 3045376 1
1488 3047424 1
1489 3049472 1
1490 3051520 1
1491 3053568 1
1492 3055616 1
1493 3057664 1
1494 3059712 1
1495 3061760 1
1496 3063808 1
1497 3065856 1
1498 3067904 1
1499 3069952 1
1500 3072000 1
1501 3074048 1
1502 3076096 1
1503 3078144 1
1504 3080192 1
1505 3082240 1
1506 3084288 1
1507 3086336 1
1508 3088384 1
1509 3090432 1
1510 3092480 1
1511 3094528 1
1512 3096576 1
1513 3098624 1
1514 3100672 1
1515 3102720 1
1516 3104768 1
1517 3106816 1
1518 3108864 1
1519 3110912 1
1520 3112960 1
1521 3115008 1
1522 3117056 1
1523 3119104 1
1524 3121152 1
1525 3123200 1
1526 3125248 1
1527 3127296 1
1528 3129344 1
1529 3131392 1
1530 3133440 1
1531 3135488 1
1532 3137536 1
1533 3139584 1
1534 3141632 1
1535 3143680 1
1536 3145728 1
1537 3147776 1
1538 3149824 1
1539 3151872 1
1540 3153920 1
1541 3155968 1
1542 3158016 1
1543 3160064 1
1544 3162112 1
1545 3164160 1
1546 3166208 1
1547 3168256 1
1548 3170304 1
1549 3172352 1
1550 3174400 1
1551 3176448 1
1552 3178496 1
1553 3180544 1
1554 3182592 1
1555 3184640 1
1556 3186688 1
1557 3188736 1
1558 3190784 1
1559 3192832 1
1560 3194880 1
1561 3196928 1
1562 3198976 1
1563 3201024 1
1564 3203072 1
1565 3205120 1
1566 3207168 1
1567 3209216 1
1568 3211264 1
1569 3213312 1
1570 3215360 1
1571 3217408 1
1572 3219456 1
1573 3221504 1
1574 3223552 1
1575 3225600 1
1576 3227648 1
1577 3229696 1
1578 3231744 1
1579 3233792 1
1580 3235840 1
1581 3237888 1
1582 3239936 1
1583 3241984 1
1584 3244032 1
1585 3246080 1
1586 3248128 1
1587 3250176 1
1588 3252224 1
1589 3254272 1
1590 3256320 1
1591 3258368 1
1592 3260416 1
1593 3262464 1
1594 3264512 1
1595 3266560 1
1596 3268608 1
1597 3270656 1
1598 3272704 1
1599 3274752 1
1600 3276800 1
1601 3278848 1
1602 3280896 1
1603 3282944 1
1604 3284992 1
1605 3287040 1
1606 3289088 1
1607 3291136 1
1608 3293184 1
1609 3295232 1
1610 3297280 1
1611 3299328 1
1612 3301376 1
1613 3303424 1
1614 3305472 1
1615 3307520 1
1616 3309568 1
1617 3311616 1
1618 3313664 1
1619 3315712 1
1620 3317760 1
1621 3319808 1
1622 3321856 1
1623 3323904 1
1624 3325952 1
1625 3328000 1
1626 3330048 1
1627 3332096 1
1628 3334144 1
1629 3336192 1
1630 3338240 1
1631 3340288 1
1632 3342336 1
1633 3344384 1
1634 3346432 1
1635 3348480 1
1636 3350528 1
1637 3352576 1
1638 3354624 1
1639 3356672 1
1640 3358720 1
1641 3360768 1
1642 3362816 1
1643 3364864 1
1644 3366912 1
1645 3368960 1
1646 3371008 1
1647 3373056 1
1648 3375104 1
1649 3377152 1
1650 3379200 1
1651 3381248 1
1652 3383296 1
1653 3385344 1
1654 3387392 1
1655 3389440 1
1656 3391488 1
1657 3393536 1
1658 3395584 1
1659 3397632 1
1660 3399680 1
1661 3401728 1
1662 3403776 1
1663 3405824 1
1664 3407872 1
1665 3409920 1
1666 3411968 1
1667 3414016 1
1668 3416064 1
1669 3418112 1
1670 3420160 1
1671 3422208 1
1672 3424256 1
1673 3426304 1
1674 3428352 1
1675 3430400 1
1676 3432448 1
1677 3434496 1
1678 3436544 1
1679 3438592 1
1680 3440640 1
1681 3442688 1
1682 3444736 1
1683 3446784 1
1684 3448832 1
1685 3450880 1
1686 3452928 1
1687 3454976 1
1688 3457024 1
1689 3459072 1
1690 3461120 1
1691 3463168 1
1692 3465216 1
1693 3467264 1
1694 3469312 1
1695 3471360 1
1696 3473408 1
1697 3475456 1
1698 3477504 1
1699 3479552 1
1700 3481600 1
1701 3483648 1
1702 3485696 1
1703 3487744 1
1704 3489792 1
1705 3491840 1
1706 3493888 1
1707 3495936 1
1708 3497984 1
1709 3500032 1
1710 3502080 1
1711 3504128 1
1712 3506176 1
1713 3508224 1
1714 3510272 1
1715 3512320 1
1716 3514368 1
1717 3516416 1
1718 3518464 1
1719 3520512 1
1720 3522560 1
1721 3524608 1
1722 3526656 1
1723 3528704 1
1724 3530752 1
1725 3532800 1
1726 3534848 1
1727 3536896 1
1728 3538944 1
1729 3540992 1
1730 3543040 1
1731 3545088 1
1732 3547136 1
1733 3549184 1
1734 3551232 1
1735 3553280 1
1736 3555328 1
1737 3557376 1
1738 3559424 1
1739 3561472 1
1740 3563520 1
1741 3565568 1
1742 3567616 1
1743 3569664 1
1744 3571712 1
1745 3573760 1
1746 3575808 1
1747 3577856 1
1748 3579904 1
1749 3581952 1
1750 3584000 1
1751 3586048 1
1752 3588096 1
1753 3590144 1
1754 3592192 1
1755 3594240 1
1756 3596288 1
1757 3598336 1
1758 3600384 1
1759 3602432 1
1760 3604480 1
1761 3606528 1
1762 3608576 1
1763 3610624 1
1764 3612672 1
1765 3614720 1
1766 3616768 1
1767 3618816 1
1768 3620864 1
1769 3622912 1
1770 3624960 1
1771 3627008 1
1772 3629056 1
1773 3631104 1
1774 3633152 1
1775 3635200 1
1776 3637248 1
1777 3639296 1
1778 3641344 1
1779 3643392 1
1780 3645440 1
1781 3647488 1
1782 3649536 1
1783 3651584 1
1784 3653632 1
1785 3655680 1
1786 3657728 1
1787 3659776 1
1788 3661824 1
1789 3663872 1
1790 3665920 1
1791 3667968 1
1792 3670016 1
1793 3672064 1
1794 3674112 1
1795 3676160 1
1796 3678208 1
1797 3680256 1
1798 3682304 1
1799 3684352 1
1800 3686400 1
1801 3688448 1
1802 3690496 1
1803 3692544 1
1804 3694592 1
1805 3696640 1
1806 3698688 1
1807 3700736 1
1808 3702784 1
1809 3704832 1
1810 3706880 1
1811 3708928 1
1812 3710976 1
1813 3713024 1
1814 3715072 1
1815 3717120 1
1816 3719168 1
1817 3721216 1
1818 3723264 1
1819 3725312 1
1820 3727360 1
1821 3729408 1
1822 3731456 1
1823 3733504 1
1824 3735552 1
1825 3737600 1
1826 3739648 1
1827 3741696 1
1828 3743744 1
1829 3745792 1
1830 3747840 1
1831 3749888 1
1832 3751936 1
1833 3753984 1
1834 3756032 1
1835 3758080 1
1836 3760128 1
1837 3762176 1
1838 3764224 1
1839 3766272 1
1840 3768320 1
1841 3770368 1
1842 3772416 1
1843 3774464 1
1844 3776512 1
1845 3778560 1
1846 3780608 1
1847 3782656 1
1848 3784704 1
1849 3786752 1
1850 3788800 1
1851 3790848 1
1852 3792896 1
1853 3794944 1
1854 3796992 1
1855 3799040 1
1856 3801088 1
1857 3803136 1
1858 3805184 1
1859 3807232 1
1860 3809280 1
1861 3811328 1
1862 3813376 1
1863 3815424 1
1864 3817472 1
1865 3819520 1
1866 3821568 1
1867 3823616 1
1868 3825664 1
1869 3827712 1
1870 3829760 1
1871 3831808 1
1872 3833856 1
1873 3835904 1
1874 3837952 1
1875 3840000 1
1876 3842048 1
1877 3844096 1
1878 3846144 1
1879 3848192 1
1880 3850240 1
1881 3852288 1
1882 3854336 1
1883 3856384 1
1884 3858432 1
1885 3860480 1
1886 3862528 1
1887 3864576 1
1888 3866624 1
1889 3868672 1
1890 3870720 1
1891 3872768 1
1892 3874816 1
1893 3876864 1
1894 3878912 1
1895 3880960 1
1896 3883008 1
1897 3885056 1
1898 3887104 1
1899 3889152 1
1900 3891200 1
1901 3893248 1
1902 3895296 1
1903 3897344 1
1904 3899392 1
1905 3901440 1
1906 3903488 1
1907 3905536 1
1908 3907584 1
1909 3909632 1
1910 3911680 1
1911 3913728 1
1912 3915776 1
1913 3917824 1
1914 3919872 1
1915 3921920 1
1916 3923968 1
1917 3926016 1
1918 3928064 1
1919 3930112 1
1920 3932160 1
1921 3934208 1
1922 3936256 1
1923 3938304 1
1924 3940352 1
1925 3942400 1
1926 3944448 1
1927 3946496 1
1928 3948544 1
1929 3950592 1
1930 3952640 1
1931 3954688 1
1932 3956736 1
1933 3958784 1
1934 3960832 1
1935 3962880 1
1936 3964928 1
1937 3966976 1
1938 3969024 1
1939 3971072 1
1940 3973120 1
1941 3975168 1
1942 3977216 1
1943 3979264 1
1944 3981312 0
1945 3983360 1
1946 3985408 1
1947 3987456 1
1948 3989504 1
1949 3991552 1
1950 3993600 1
1951 3995648 1
1952 3997696 1
1953 3999744 1
1954 4001792 1
1955 4003840 1
1956 4005888 1
1957 4007936 1
1958 4009984 1
1959 4012032 1
1960 4014080 1
1961 4016128 1
1962 4018176 1
1963 4020224 1
1964 4022272 1
1965 4024320 1
1966 4026368 1
1967 4028416 1
1968 4030464 1
1969 4032512 1
1970 4034560 1
1971 4036608 1
1972 4038656 1
1973 4040704 1
1974 4042752 1
1975 4044800 1
1976 4046848 1
1977 4048896 1
1978 4050944 1
1979 4052992 1
1980 4055040 1
1981 4057088 1
1982 4059136 1
1983 4061184 1
1984 4063232 1
1985 4065280 1
1986 4067328 1
1987 4069376 1
1988 4071424 1
1989 4073472 1
1990 4075520 1
1991 4077568 1
1992 4079616 1
1993 4081664 1
1994 4083712 1
1995 4085760 1
1996 4087808 1
1997 4089856 1
1998 4091904 1
1999 4093952 1
2000 4096000 1
2001 4098048 1
2002 4100096 1
2003 4102144 1
2004 4104192 1
2005 4106240 1
2006 4108288 1
2007 4110336 1
2008 4112384 1
2009 4114432 1
2010 4116480 1
2011 4118528 1
2012 4120576 1
2013 4122624 1
2014 4124672 1
2015 4126720 1
2016 4128768 1
2017 4130816 1
2018 4132864 1
2019 4134912 1
2020 4136960 1
2021 4139008 1
2022 4141056 1
2023 4143104 1
2024 4145152 1
2025 4147200 1
2026 4149248 1
2027 4151296 1
2028 4153344 1
2029 4155392 1
2030 4157440 1
2031 4159488 1
2032 4161536 1
2033 4163584 1
2034 4165632 1
2035 4167680 1
2036 4169728 1
2037 4171776 1
2038 4173824 1
2039 4175872 1
2040 4177920 1
2041 4179968 1
2042 4182016 1
2043 4184064 1
2044 4186112 1
2045 4188160 1
2046 4190208 1
2047 4192256 1
2048 4194304 1
2049 4196352 1
2050 4198400 1
2051 4200448 1
2052 4202496 1
2053 4204544 1
2054 4206592 1
2055 4208640 1
2056 4210688 1
2057 4212736 1
2058 4214784 1
2059 4216832 1
2060 4218880 1
2061 4220928 1
2062 4222976 1
2063 4225024 1
2064 4227072 1
2065 4229120 1
2066 4231168 1
2067 4233216 1
2068 4235264 1
2069 4237312 1
2070 4239360 1
2071 4241408 1
2072 4243456 1
2073 4245504 1
2074 4247552 1
2075 4249600 1
2076 4251648 1
2077 4253696 1
2078 4255744 1
2079 4257792 1
2080 4259840 1
2081 4261888 1
2082 4263936 1
2083 4265984 1
2084 4268032 1
2085 4270080 1
2086 4272128 1
2087 4274176 1
2088 4276224 1
2089 4278272 1
2090 4280320 1
2091 4282368 1
2092 4284416 1
2093 4286464 1
2094 4288512 1
2095 4290560 1
2096 4292608 1
2097 4294656 1
2098 4296704 1
2099 4298752 1
2100 4300800 1
2101 4302848 1
2102 4304896 1
2103 4306944 1
2104 4308992 1
2105 4311040 1
2106 4313088 1
2107 4315136 1
2108 4317184 1
2109 4319232 1
2110 4321280 1
2111 4323328 1
2112 4325376 1
2113 4327424 1
2114 4329472 1
2115 4331520 1
2116 4333568 1
2117 4335616 1
2118 4337664 1
2119 4339712 1
2120 4341760 1
2121 4343808 1
2122 4345856 1
2123 4347904 1
2124 4349952 1
2125 4352000 1
2126 4354048 1
2127 4356096 1
2128 4358144 1
2129 4360192 1
2130 4362240 1
2131 4364288 1
2132 4366336 1
2133 4368384 1
2134 4370432 1
2135 4372480 1
2136 4374528 1
2137 4376576 1
2138 4378624 1
2139 4380672 1
2140 4382720 1
2141 4384768 1
2142 4386816 1
2143 4388864 1
2144 4390912 1
2145 4392960 1
2146 4395008 1
2147 4397056 1
2148 4399104 1
2149 4401152 1
2150 4403200 1
2151 4405248 1
2152 4407296 1
2153 4409344 1
2154 4411392 1
2155 4413440 1
2156 4415488 1
2157 4417536 1
2158 4419584 1
2159 4421632 1
2160 4423680 1
2161 4425728 1
2162 4427776 1
2163 4429824 1
2164 4431872 1
2165 4433920 1
2166 4435968 1
2167 4438016 1
2168 4440064 1
2169 4442112 1
2170 4444160 1
2171 4446208 1
2172 4448256 1
2173 4450304 1
2174 4452352 1
2175 4454400 1
2176 4456448 1
2177 4458496 1
2178 4460544 1
2179 4462592 1
2180 4464640 1
2181 4466688 1
2182 4468736 1
2183 4470784 1
2184 4472832 1
2185 4474880 1
2186 4476928 1
2187 4478976 1
2188 4481024 1
2189 4483072 1
2190 4485120 1
2191 4487168 1
2192 4489216 1
2193 4491264 1
2194 4493312 1
2195 4495360 1
2196 4497408 1
2197 4499456 1
2198 4501504 1
2199 4503552 1
2200 4505600 1
2201 4507648 1
2202 4509696 1
2203 4511744 1
2204 4513792 1
2205 4515840 1
2206 4517888 1
2207 4519936 1
2208 4521984 1
2209 4524032 1
2210 4526080 1
2211 4528128 1
2212 4530176 1
2213 4532224 1
2214 4534272 1
2215 4536320 1
2216 4538368 1
2217 4540416 1
2218 4542464 1
2219 4544512 1
2220 4546560 1
2221 4548608 1
2222 4550656 1
2223 4552704 1
2224 4554752 1
2225 4556800 1
2226 4558848 1
2227 4560896 1
2228 4562944 1
2229 4564992 1
2230 4567040 1
2231 4569088 1
2232 4571136 1
2233 4573184 1
2234 4575232 1
2235 4577280 1
2236 4579328 1
2237 4581376 1
2238 4583424 1
2239 4585472 1
2240 4587520 1
2241 4589568 1
2242 4591616 1
2243 4593664 1
2244 4595712 1
2245 4597760 1
2246 4599808 1
2247 4601856 1
2248 4603904 1
2249 4605952 1
2250 4608000 1
2251 4610048 1
2252 4612096 1
2253 4614144 1
2254 4616192 1
2255 4618240 1
2256 4620288 1
2257 4622336 1
2258 4624384 1
2259 4626432 1
2260 4628480 1
2261 4630528 1
2262 4632576 1
2263 4634624 1
2264 4636672 1
2265 4638720 1
2266 4640768 1
2267 4642816 1
2268 4644864 1
2269 4646912 1
2270 4648960 1
2271 4651008 1
2272 4653056 1
2273 4655104 1
2274 4657152 1
2275 4659200 1
2276 4661248 1
2277 4663296 1
2278 4665344 1
2279 4667392 1
2280 4669440 1
2281 4671488 1
2282 4673536 1
2283 4675584 1
2284 4677632 1
2285 4679680 1
2286 4681728 1
2287 4683776 1
2288 4685824 1
2289 4687872 1
2290 4689920 1
2291 4691968 1
2292 4694016 1
2293 4696064 1
2294 4698112 1
2295 4700160 1
2296 4702208 1
2297 4704256 1
2298 4706304 1
2299 4708352 1
2300 4710400 1
2301 4712448 1
2302 4714496 1
2303 4716544 1
2304 4718592 1
2305 4720640 1
2306 4722688 1
2307 4724736 1
2308 4726784 1
2309 4728832 1
2310 4730880 1
2311 4732928 1
2312 4734976 1
2313 4737024 1
2314 4739072 1
2315 4741120 1
2316 4743168 1
2317 4745216 1
2318 4747264 1
2319 4749312 1
2320 4751360 1
2321 4753408 1
2322 4755456 1
2323 4757504 1
2324 4759552 1
2325 4761600 1
2326 4763648 1
2327 4765696 1
2328 4767744 1
2329 4769792 1
2330 4771840 1
2331 4773888 1
2332 4775936 1
2333 4777984 1
2334 4780032 1
2335 4782080 1
2336 4784128 1
2337 4786176 1
2338 4788224 1
2339 4790272 1
2340 4792320 1
2341 4794368 1
2342 4796416 1
2343 4798464 1
2344 4800512 1
2345 4802560 1
2346 4804608 1
2347 4806656 1
2348 4808704 1
2349 4810752 1
2350 4812800 1
2351 4814848 1
2352 4816896 1
2353 4818944 1
2354 4820992 1
2355 4823040 1
2356 4825088 1
2357 4827136 1
2358 4829184 1
2359 4831232 1
2360 4833280 1
2361 4835328 1
2362 4837376 1
2363 4839424 1
2364 4841472 1
2365 4843520 1
2366 4845568 1
2367 4847616 1
2368 4849664 1
2369 4851712 1
2370 4853760 1
2371 4855808 1
2372 4857856 1
2373 4859904 1
2374 4861952 1
2375 4864000 1
2376 4866048 1
2377 4868096 1
2378 4870144 1
2379 4872192 1
2380 4874240 1
2381 4876288 1
2382 4878336 1
2383 4880384 1
2384 4882432 1
2385 4884480 1
2386 4886528 1
2387 4888576 1
2388 4890624 1
2389 4892672 1
2390 4894720 1
2391 4896768 1
2392 4898816 1
2393 4900864 1
2394 4902912 1
2395 4904960 1
2396 4907008 1
2397 4909056 1
2398 4911104 1
2399 4913152 1
2400 4915200 1
2401 4917248 1
2402 4919296 1
2403 4921344 1
2404 4923392 1
2405 4925440 1
2406 4927488 1
2407 4929536 1
2408 4931584 1
2409 4933632 1
2410 4935680 1
2411 4937728 1
2412 4939776 1
2413 4941824 1
2414 4943872 1
2415 4945920 1
2416 4947968 1
2417 4950016 1
2418 4952064 1
2419 4954112 1
2420 4956160 1
2421 4958208 1
2422 4960256 1
2423 4962304 1
2424 4964352 1
2425 4966400 1
2426 4968448 1
2427 4970496 1
2428 4972544 1
2429 4974592 1
2430 4976640 1
2431 4978688 1
2432 4980736 1
2433 4982784 1
2434 4984832 1
2435 4986880 1
2436 4988928 1
2437 4990976 1
2438 4993024 1
2439 4995072 1
2440 4997120 1
2441 4999168 1
2442 5001216 1
2443 5003264 0
2444 5005312 1
2445 5007360 1
2446 5009408 1
2447 5011456 1
2448 5013504 1
2449 5015552 1
2450 5017600 1
2451 5019648 1
2452 5021696 1
2453 5023744 1
2454 5025792 1
2455 5027840 1
2456 5029888 1
2457 5031936 1
2458 5033984 1
2459 5036032 1
2460 5038080 1
2461 5040128 1
2462 5042176 1
2463 5044224 1
2464 5046272 1
2465 5048320 1
2466 5050368 1
2467 5052416 1
2468 5054464 1
2469 5056512 1
2470 5058560 1
2471 5060608 1
2472 5062656 1
2473 5064704 1
2474 5066752 1
2475 5068800 1
2476 5070848 1
2477 5072896 1
2478 5074944 1
2479 5076992 1
2480 5079040 1
2481 5081088 1
2482 5083136 1
2483 5085184 1
2484 5087232 1
2485 5089280 1
2486 5091328 1
2487 5093376 1
2488 5095424 1
2489 5097472 1
2490 5099520 1
2491 5101568 1
2492 5103616 1
2493 5105664 1
2494 5107712 1
2495 5109760 1
2496 5111808 1
2497 5113856 1
2498 5115904 1
2499 5117952 1
2500 5120000 1
2501 5122048 1
2502 5124096 1
2503 5126144 1
2504 5128192 1
2505 5130240 1
2506 5132288 1
2507 5134336 1
2508 5136384 1
2509 5138432 1
2510 5140480 1
2511 5142528 1
2512 5144576 1
2513 5146624 1
2514 5148672 1
2515 5150720 1
2516 5152768 1
2517 5154816 1
2518 5156864 1
2519 5158912 1
2520 5160960 1
2521 5163008 1
2522 5165056 1
2523 5167104 1
2524 5169152 1
2525 5171200 1
2526 5173248 1
2527 5175296 1
2528 5177344 1
2529 5179392 1
2530 5181440 1
2531 5183488 1
2532 5185536 1
2533 5187584 1
2534 5189632 1
2535 5191680 1
2536 5193728 1
2537 5195776 1
2538 5197824 1
2539 5199872 1
2540 5201920 1
2541 5203968 1
2542 5206016 1
2543 5208064 1
2544 5210112 1
2545 5212160 1
2546 5214208 1
2547 5216256 1
2548 5218304 1
2549 5220352 1
2550 5222400 1
2551 5224448 1
2552 5226496 1
2553 5228544 1
2554 5230592 1
2555 5232640 1
2556 5234688 1
2557 5236736 1
2558 5238784 1
2559 5240832 1
2560 5242880 1
2561 5244928 1
2562 5246976 1
2563 5249024 1
2564 5251072 1
2565 5253120 1
2566 5255168 1
2567 5257216 1
2568 5259264 1
2569 5261312 1
2570 5263360 1
2571 5265408 1
2572 5267456 1
2573 5269504 1
2574 5271552 1
2575 5273600 1
2576 5275648 1
2577 5277696 1
2578 5279744 1
2579 5281792 1
2580 5283840 1
2581 5285888 1
2582 5287936 1
2583 5289984 1
2584 5292032 1
2585 5294080 1
2586 5296128 1
2587 5298176 1
2588 5300224 1
2589 5302272 1
2590 5304320 1
2591 5306368 1
2592 5308416 1
2593 5310464 1
2594 5312512 1
2595 5314560 1
2596 5316608 1
2597 5318656 1
2598 5320704 1
2599 5322752 1
2600 5324800 1
2601 5326848 1
2602 5328896 1
2603 5330944 1
2604 5332992 1
2605 5335040 1
2606 5337088 1
2607 5339136 1
2608 5341184 1
2609 5343232 1
2610 5345280 1
2611 5347328 1
2612 5349376 1
2613 5351424 1
2614 5353472 1
2615 5355520 1
2616 5357568 1
2617 5359616 1
2618 5361664 1
2619 5363712 1
2620 5365760 1
2621 5367808 1
2622 5369856 1
2623 5371904 1
2624 5373952 1
2625 5376000 1
2626 5378048 1
2627 5380096 1
2628 5382144 1
2629 5384192 1
2630 5386240 1
2631 5388288 1
2632 5390336 1
2633 5392384 1
2634 5394432 1
2635 5396480 1
2636 5398528 1
2637 5400576 1
2638 5402624 1
2639 5404672 1
2640 5406720 1
2641 5408768 1
2642 5410816 1
2643 5412864 1
2644 5414912 1
2645 5416960 1
2646 5419008 1
2647 5421056 1
2648 5423104 1
2649 5425152 1
2650 5427200 1
2651 5429248 1
2652 5431296 1
2653 5433344 1
2654 5435392 1
2655 5437440 1
2656 5439488 1
2657 5441536 1
2658 5443584 1
2659 5445632 1
2660 5447680 1
2661 5449728 1
2662 5451776 1
2663 5453824 1
2664 5455872 1
2665 5457920 1
2666 5459968 1
2667 5462016 1
2668 5464064 1
2669 5466112 1
2670 5468160 1
2671 5470208 1
2672 5472256 1
2673 5474304 1
2674 5476352 1
2675 5478400 1
2676 5480448 1
2677 5482496 1
2678 5484544 1
2679 5486592 1
2680 5488640 1
2681 5490688 1
2682 5492736 1
2683 5494784 1
2684 5496832 1
2685 5498880 1
2686 5500928 1
2687 5502976 1
2688 5505024 1
2689 5507072 1
2690 5509120 1
2691 5511168 1
2692 5513216 1
2693 5515264 1
2694 5517312 1
2695 5519360 1
2696 5521408 1
2697 5523456 1
2698 5525504 1
2699 5527552 1
2700 5529600 1
2701 5531648 1
2702 5533696 1
2703 5535744 1
2704 5537792 1
2705 5539840 1
2706 5541888 1
2707 5543936 1
2708 5545984 1
2709 5548032 1
2710 5550080 1
2711 5552128 1
2712 5554176 1
2713 5556224 1
2714 5558272 1
2715 5560320 1
2716 5562368 1
2717 5564416 1
2718 5566464 1
2719 5568512 1
2720 5570560 1
2721 5572608 1
2722 5574656 1
2723 5576704 1
2724 5578752 1
2725 5580800 1
2726 5582848 1
2727 5584896 1
2728 5586944 1
2729 5588992 1
2730 5591040 1
2731 5593088 1
2732 5595136 1
2733 5597184 1
2734 5599232 1
2735 5601280 1
2736 5603328 1
2737 5605376 1
2738 5607424 1
2739 5609472 1
2740 5611520 1
2741 5613568 1
2742 5615616 1
2743 5617664 1
2744 5619712 1
2745 5621760 1
2746 5623808 1
2747 5625856 1
2748 5627904 1
2749 5629952 1
2750 5632000 1
2751 5634048 1
2752 5636096 1
2753 5638144 1
2754 5640192 1
2755 5642240 1
2756 5644288 1
2757 5646336 1
2758 5648384 1
2759 5650432 1
2760 5652480 1
2761 5654528 1
2762 5656576 1
2763 5658624 1
2764 5660672 1
2765 5662720 1
2766 5664768 1
2767 5666816 1
2768 5668864 1
2769 5670912 1
2770 5672960 1
2771 5675008 1
2772 5677056 1
2773 5679104 1
2774 5681152 1
2775 5683200 1
2776 5685248 1
2777 5687296 1
2778 5689344 1
2779 5691392 1
2780 5693440 1
2781 5695488 1
2782 5697536 1
2783 5699584 1
2784 5701632 1
2785 5703680 1
2786 5705728 1
2787 5707776 1
2788 5709824 1
2789 5711872 1
2790 5713920 1
2791 5715968 1
2792 5718016 1
2793 5720064 1
2794 5722112 1
2795 5724160 1
2796 5726208 1
2797 5728256 1
2798 5730304 1
2799 5732352 1
2800 5734400 1
2801 5736448 1
2802 5738496 1
2803 5740544 1
2804 5742592 1
2805 5744640 1
2806 5746688 1
2807 5748736 1
2808 5750784 1
2809 5752832 1
2810 5754880 1
2811 5756928 1
2812 5758976 1
2813 5761024 1
2814 5763072 1
2815 5765120 1
2816 5767168 1
2817 5769216 1
2818 5771264 1
2819 5773312 1
2820 5775360 1
2821 5777408 1
2822 5779456 1
2823 5781504 1
2824 5783552 1
2825 5785600 1
2826 5787648 1
2827 5789696 1
2828 5791744 1
2829 5793792 1
2830 5795840 1
2831 5797888 1
2832 5799936 1
2833 5801984 1
2834 5804032 1
2835 5806080 1
2836 5808128 1
2837 5810176 1
2838 5812224 1
2839 5814272 1
2840 5816320 1
2841 5818368 1
2842 5820416 1
2843 5822464 1
2844 5824512 1
2845 5826560 1
2846 5828608 1
2847 5830656 1
2848 5832704 1
2849 5834752 1
2850 5836800 1
2851 5838848 1
2852 5840896 1
2853 5842944 1
2854 5844992 1
2855 5847040 1
2856 5849088 1
2857 5851136 1
2858 5853184 1
2859 5855232 1
2860 5857280 1
2861 5859328 1
2862 5861376 1
2863 5863424 1
2864 5865472 1
2865 5867520 1
2866 5869568 1
2867 5871616 1
2868 5873664 1
2869 5875712 1
2870 5877760 1
2871 5879808 1
2872 5881856 1
2873 5883904 1
2874 5885952 1
2875 5888000 1
2876 5890048 1
2877 5892096 1
2878 5894144 1
2879 5896192 1
2880 5898240 1
2881 5900288 1
2882 5902336 1
2883 5904384 1
2884 5906432 1
2885 5908480 1
2886 5910528 1
2887 5912576 1
2888 5914624 1
2889 5916672 1
2890 5918720 1
2891 5920768 1
2892 5922816 1
2893 5924864 1
2894 5926912 1
2895 5928960 1
2896 5931008 1
2897 5933056 1
2898 5935104 1
2899 5937152 1
2900 5939200 1
2901 5941248 1
2902 5943296 1
2903 5945344 1
2904 5947392 1
2905 5949440 1
2906 5951488 1
2907 5953536 1
2908 5955584 1
2909 5957632 1
2910 5959680 1
2911 5961728 1
2912 5963776 1
2913 5965824 1
2914 5967872 1
2915 5969920 1
2916 5971968 1
2917 5974016 1
2918 5976064 1
2919 5978112 1
2920 5980160 1
2921 5982208 1
2922 5984256 1
2923 5986304 1
2924 5988352 1
2925 5990400 1
2926 5992448 1
2927 5994496 1
2928 5996544 1
2929 5998592 1
2930 6000640 1
2931 6002688 1
2932 6004736 1
2933 6006784 1
2934 6008832 1
2935 6010880 1
2936 6012928 1
2937 6014976 1
2938 6017024 1
2939 6019072 1
2940 6021120 1
2941 6023168 1
2942 6025216 1
2943 6027264 1
2944 6029312 1
2945 6031360 1
2946 6033408 1
2947 6035456 1
2948 6037504 1
2949 6039552 1
2950 6041600 1
2951 6043648 1
2952 6045696 1
2953 6047744 1
2954 6049792 1
2955 6051840 1
2956 6053888 1
2957 6055936 1
2958 6057984 1
2959 6060032 1
2960 6062080 1
2961 6064128 1
2962 6066176 1
2963 6068224 1
2964 6070272 1
2965 6072320 1
2966 6074368 1
2967 6076416 1
2968 6078464 1
2969 6080512 1
2970 6082560 1
2971 6084608 1
2972 6086656 1
2973 6088704 1
2974 6090752 1
2975 6092800 1
2976 6094848 1
2977 6096896 1
2978 6098944 1
2979 6100992 1
2980 6103040 1
2981 6105088 1
2982 6107136 1
2983 6109184 1
2984 6111232 1
2985 6113280 1
2986 6115328 1
2987 6117376 1
2988 6119424 1
2989 6121472 1
2990 6123520 1
2991 6125568 1
2992 6127616 1
2993 6129664 1
2994 6131712 1
2995 6133760 1
2996 6135808 1
2997 6137856 1
2998 6139904 1
2999 6141952 1
3000 6144000 1
3001 6146048 1
3002 6148096 1
3003 6150144 1
3004 6152192 1
3005 6154240 1
3006 6156288 1
3007 6158336 1
3008 6160384 1
3009 6162432 1
3010 6164480 1
3011 6166528 1
3012 6168576 1
3013 6170624 1
3014 6172672 1
3015 6174720 1
3016 6176768 1
3017 6178816 1
3018 6180864 1
3019 6182912 1
3020 6184960 1
3021 6187008 1
3022 6189056 1
3023 6191104 1
3024 6193152 1
3025 6195200 1
3026 6197248 1
3027 6199296 1
3028 6201344 1
3029 6203392 1
3030 6205440 1
3031 6207488 1
3032 6209536 1
3033 6211584 1
3034 6213632 1
3035 6215680 1
3036 6217728 1
3037 6219776 1
3038 6221824 1
3039 6223872 1
3040 6225920 1
3041 6227968 1
3042 6230016 1
3043 6232064 1
3044 6234112 1
3045 6236160 1
3046 6238208 1
3047 6240256 1
3048 6242304 1
3049 6244352 1
3050 6246400 1
3051 6248448 1
3052 6250496 1
3053 6252544 1
3054 6254592 1
3055 6256640 1
3056 6258688 1
3057 6260736 1
3058 6262784 1
3059 6264832 1
3060 6266880 1
3061 6268928 1
3062 6270976 1
3063 6273024 1
3064 6275072 1
3065 6277120 1
3066 6279168 1
3067 6281216 1
3068 6283264 1
3069 6285312 1
3070 6287360 1
3071 6289408 1
3072 6291456 1
3073 6293504 1
3074 6295552 1
3075 6297600 1
3076 6299648 1
3077 6301696 1
3078 6303744 1
3079 6305792 1
3080 6307840 1
3081 6309888 1
3082 6311936 1
3083 6313984 1
3084 6316032 1
3085 6318080 1
3086 6320128 1
3087 6322176 1
3088 6324224 1
3089 6326272 1
3090 6328320 1
3091 6330368 1
3092 6332416 1
3093 6334464 1
3094 6336512 1
3095 6338560 1
3096 6340608 1
3097 6342656 1
3098 6344704 1
3099 6346752 1
3100 6348800 1
3101 6350848 1
3102 6352896 1
3103 6354944 1
3104 6356992 1
3105 6359040 1
3106 6361088 1
3107 6363136 1
3108 6365184 1
3109 6367232 1
3110 6369280 1
3111 6371328 1
3112 6373376 1
3113 6375424 1
3114 6377472 1
3115 6379520 1
3116 6381568 1
3117 6383616 1
3118 6385664 1
3119 6387712 1
3120 6389760 1
3121 6391808 1
3122 6393856 1
3123 6395904 1
3124 6397952 1
3125 6400000 1
3126 6402048 1
3127 6404096 1
3128 6406144 1
3129 6408192 1
3130 6410240 1
3131 6412288 1
3132 6414336 1
3133 6416384 1
3134 6418432 1
3135 6420480 1
3136 6422528 1
3137 6424576 1
3138 6426624 1
3139 6428672 1
3140 6430720 1
3141 6432768 1
3142 6434816 1
3143 6436864 1
3144 6438912 1
3145 6440960 1
3146 6443008 1
3147 6445056 1
3148 6447104 1
3149 6449152 1
3150 6451200 1
3151 6453248 1
3152 6455296 1
3153 6457344 1
3154 6459392 1
3155 6461440 1
3156 6463488 1
3157 6465536 1
3158 6467584 1
3159 6469632 1
3160 6471680 1
3161 6473728 1
3162 6475776 1
3163 6477824 1
3164 6479872 1
3165 6481920 1
3166 6483968 1
3167 6486016 1
3168 6488064 1
3169 6490112 1
3170 6492160 1
3171 6494208 1
3172 6496256 1
3173 6498304 1
3174 6500352 1
3175 6502400 1
3176 6504448 1
3177 6506496 1
3178 6508544 1
3179 6510592 1
3180 6512640 1
3181 6514688 1
3182 6516736 1
3183 6518784 1
3184 6520832 1
3185 6522880 1
3186 6524928 1
3187 6526976 1
3188 6529024 1
3189 6531072 1
3190 6533120 1
3191 6535168 1
3192 6537216 1
3193 6539264 1
3194 6541312 1
3195 6543360 1
3196 6545408 1
3197 6547456 1
3198 6549504 1
3199 6551552 1
3200 6553600 1
3201 6555648 1
3202 6557696 1
3203 6559744 1
3204 6561792 1
3205 6563840 1
3206 6565888 1
3207 6567936 1
3208 6569984 1
3209 6572032 1
3210 6574080 1
3211 6576128 1
3212 6578176 1
3213 6580224 1
3214 6582272 1
3215 6584320 1
3216 6586368 1
3217 6588416 1
3218 6590464 1
3219 6592512 1
3220 6594560 1
3221 6596608 1
3222 6598656 1
3223 6600704 1
3224 6602752 1
3225 6604800 1
3226 6606848 1
3227 6608896 1
3228 6610944 1
3229 6612992 1
3230 6615040 1
3231 6617088 1
3232 6619136 1
3233 6621184 1
3234 6623232 1
3235 6625280 1
3236 6627328 1
3237 6629376 1
3238 6631424 1
3239 6633472 1
3240 6635520 1
3241 6637568 1
3242 6639616 1
3243 6641664 1
3244 6643712 1
3245 6645760 1
3246 6647808 1
3247 6649856 1
3248 6651904 1
3249 6653952 1
3250 6656000 1
3251 6658048 1
3252 6660096 1
3253 6662144 1
3254 6664192 1
3255 6666240 1
3256 6668288 1
3257 6670336 1
3258 6672384 1
3259 6674432 1
3260 6676480 1
3261 6678528 1
3262 6680576 1
3263 6682624 1
3264 6684672 1
3265 6686720 1
3266 6688768 1
3267 6690816 1
3268 6692864 1
3269 6694912 1
3270 6696960 1
3271 6699008 1
3272 6701056 1
3273 6703104 1
3274 6705152 1
3275 6707200 1
3276 6709248 1
3277 6711296 1
3278 6713344 1
3279 6715392 1
3280 6717440 1
3281 6719488 1
3282 6721536 1
3283 6723584 1
3284 6725632 1
3285 6727680 1
3286 6729728 1
3287 6731776 1
3288 6733824 1
3289 6735872 1
3290 6737920 1
3291 6739968 1
3292 6742016 1
3293 6744064 1
3294 6746112 1
3295 6748160 1
3296 6750208 1
3297 6752256 1
3298 6754304 1
3299 6756352 1
3300 6758400 1
3301 6760448 1
3302 6762496 1
3303 6764544 1
3304 6766592 1
3305 6768640 1
3306 6770688 1
3307 6772736 1
3308 6774784 1
3309 6776832 1
3310 6778880 1
3311 6780928 1
3312 6782976 1
3313 6785024 1
3314 6787072 1
3315 6789120 1
3316 6791168 1
3317 6793216 1
3318 6795264 1
3319 6797312 1
3320 6799360 1
3321 6801408 1
3322 6803456 1
3323 6805504 1
3324 6807552 1
3325 6809600 1
3326 6811648 1
3327 6813696 1
3328 6815744 1
3329 6817792 1
3330 6819840 1
3331 6821888 1
3332 6823936 1
3333 6825984 1
3334 6828032 1
3335 6830080 1
3336 6832128 1
3337 6834176 1
3338 6836224 1
3339 6838272 1
3340 6840320 1
3341 6842368 1
3342 6844416 1
3343 6846464 1
3344 6848512 1
3345 6850560 1
3346 6852608 1
3347 6854656 1
3348 6856704 1
3349 6858752 1
3350 6860800 1
3351 6862848 1
3352 6864896 1
3353 6866944 1
3354 6868992 1
3355 6871040 1
3356 6873088 1
3357 6875136 1
3358 6877184 1
3359 6879232 1
3360 6881280 1
3361 6883328 1
3362 6885376 1
3363 6887424 1
3364 6889472 1
3365 6891520 1
3366 6893568 1
3367 6895616 1
3368 6897664 1
3369 6899712 1
3370 6901760 1
3371 6903808 1
3372 6905856 1
3373 6907904 1
3374 6909952 1
3375 6912000 1
3376 6914048 1
3377 6916096 1
3378 6918144 1
3379 6920192 1
3380 6922240 1
3381 6924288 1
3382 6926336 1
3383 6928384 1
3384 6930432 1
3385 6932480 1
3386 6934528 1
3387 6936576 1
3388 6938624 1
3389 6940672 1
3390 6942720 1
3391 6944768 1
3392 6946816 1
3393 6948864 1
3394 6950912 1
3395 6952960 1
3396 6955008 1
3397 6957056 1
3398 6959104 1
3399 6961152 1
3400 6963200 1
3401 6965248 1
3402 6967296 1
3403 6969344 1
3404 6971392 1
3405 6973440 1
3406 6975488 1
3407 6977536 1
3408 6979584 1
3409 6981632 1
3410 6983680 1
3411 6985728 1
3412 6987776 1
3413 6989824 1
3414 6991872 1
3415 6993920 1
3416 6995968 1
3417 6998016 1
3418 7000064 1
3419 7002112 1
3420 7004160 1
3421 7006208 1
3422 7008256 1
3423 7010304 1
3424 7012352 1
3425 7014400 1
3426 7016448 1
3427 7018496 1
3428 7020544 1
3429 7022592 1
3430 7024640 1
3431 7026688 1
3432 7028736 1
3433 7030784 1
3434 7032832 1
3435 7034880 1
3436 7036928 1
3437 7038976 1
3438 7041024 1
3439 7043072 1
3440 7045120 1
3441 7047168 1
3442 7049216 1
3443 7051264 1
3444 7053312 1
3445 7055360 1
3446 7057408 1
3447 7059456 1
3448 7061504 1
3449 7063552 1
3450 7065600 1
3451 7067648 1
3452 7069696 1
3453 7071744 1
3454 7073792 1
3455 7075840 1
3456 7077888 1
3457 7079936 1
3458 7081984 1
3459 7084032 1
3460 7086080 1
3461 7088128 1
3462 7090176 1
3463 7092224 1
3464 7094272 1
3465 7096320 1
3466 7098368 1
3467 7100416 1
3468 7102464 1
3469 7104512 1
3470 7106560 1
3471 7108608 1
3472 7110656 1
3473 7112704 1
3474 7114752 1
3475 7116800 1
3476 7118848 1
3477 7120896 1
3478 7122944 1
3479 7124992 1
3480 7127040 1
3481 7129088 1
3482 7131136 1
3483 7133184 1
3484 7135232 1
3485 7137280 1
3486 7139328 1
3487 7141376 1
3488 7143424 1
3489 7145472 1
3490 7147520 1
3491 7149568 1
3492 7151616 1
3493 7153664 1
3494 7155712 1
3495 7157760 1
3496 7159808 1
3497 7161856 1
3498 7163904 1
3499 7165952 1
3500 7168000 1
3501 7170048 1
3502 7172096 1
3503 7174144 1
3504 7176192 1
3505 7178240 1
3506 7180288 1
3507 7182336 1
3508 7184384 1
3509 7186432 1
3510 7188480 1
3511 7190528 1
3512 7192576 1
3513 7194624 1
3514 7196672 1
3515 7198720 1
3516 7200768 1
3517 7202816 1
3518 7204864 1
3519 7206912 1
3520 7208960 1
3521 7211008 1
3522 7213056 1
3523 7215104 1
3524 7217152 1
3525 7219200 1
3526 7221248 1
3527 7223296 1
3528 7225344 1
3529 7227392 1
3530 7229440 1
3531 7231488 1
3532 7233536 1
3533 7235584 1
3534 7237632 1
3535 7239680 1
3536 7241728 1
3537 7243776 1
3538 7245824 1
3539 7247872 1
3540 7249920 1
3541 7251968 1
3542 7254016 1
3543 7256064 1
3544 7258112 1
3545 7260160 1
3546 7262208 1
3547 7264256 1
3548 7266304 1
3549 7268352 1
3550 7270400 1
3551 7272448 1
3552 7274496 1
3553 7276544 1
3554 7278592 1
3555 7280640 1
3556 7282688 1
3557 7284736 1
3558 7286784 1
3559 7288832 1
3560 7290880 1
3561 7292928 1
3562 7294976 1
3563 7297024 1
3564 7299072 1
3565 7301120 1
3566 7303168 1
3567 7305216 1
3568 7307264 1
3569 7309312 1
3570 7311360 1
3571 7313408 1
3572 7315456 1
3573 7317504 1
3574 7319552 1
3575 7321600 1
3576 7323648 1
3577 7325696 1
3578 7327744 1
3579 7329792 1
3580 7331840 1
3581 7333888 1
3582 7335936 1
3583 7337984 1
3584 7340032 1
3585 7342080 1
3586 7344128 1
3587 7346176 1
3588 7348224 1
3589 7350272 1
3590 7352320 1
3591 7354368 1
3592 7356416 1
3593 7358464 1
3594 7360512 1
3595 7362560 1
3596 7364608 1
3597 7366656 1
3598 7368704 1
3599 7370752 1
3600 7372800 1
3601 7374848 1
3602 7376896 1
3603 7378944 1
3604 7380992 1
3605 7383040 1
3606 7385088 1
3607 7387136 1
3608 7389184 1
3609 7391232 1
3610 7393280 1
3611 7395328 1
3612 7397376 1
3613 7399424 1
3614 7401472 1
3615 7403520 1
3616 7405568 1
3617 7407616 1
3618 7409664 1
3619 7411712 1
3620 7413760 1
3621 7415808 1
3622 7417856 1
3623 7419904 1
3624 7421952 1
3625 7424000 1
3626 7426048 1
3627 7428096 1
3628 7430144 1
3629 7432192 1
3630 7434240 1
3631 7436288 1
3632 7438336 1
3633 7440384 1
3634 7442432 1
3635 7444480 1
3636 7446528 1
3637 7448576 1
3638 7450624 1
3639 7452672 1
3640 7454720 1
3641 7456768 1
3642 7458816 1
3643 7460864 1
3644 7462912 1
3645 7464960 1
3646 7467008 1
3647 7469056 1
3648 7471104 1
3649 7473152 1
3650 7475200 1
3651 7477248 1
3652 7479296 1
3653 7481344 1
3654 7483392 1
3655 7485440 1
3656 7487488 1
3657 7489536 1
3658 7491584 1
3659 7493632 1
3660 7495680 1
3661 7497728 1
3662 7499776 1
3663 7501824 1
3664 7503872 1
3665 7505920 1
3666 7507968 1
3667 7510016 1
3668 7512064 1
3669 7514112 1
3670 7516160 1
3671 7518208 1
3672 7520256 1
3673 7522304 1
3674 7524352 1
3675 7526400 1
3676 7528448 1
3677 7530496 1
3678 7532544 1
3679 7534592 1
3680 7536640 1
3681 7538688 1
3682 7540736 1
3683 7542784 1
3684 7544832 1
3685 7546880 1
3686 7548928 1
3687 7550976 1
3688 7553024 1
3689 7555072 1
3690 7557120 1
3691 7559168 1
3692 7561216 1
3693 7563264 1
3694 7565312 1
3695 7567360 1
3696 7569408 1
3697 7571456 1
3698 7573504 1
3699 7575552 1
3700 7577600 1
3701 7579648 1
3702 7581696 1
3703 7583744 1
3704 7585792 1
3705 7587840 1
3706 7589888 1
3707 7591936 1
3708 7593984 1
3709 7596032 1
3710 7598080 1
3711 7600128 1
3712 7602176 1
3713 7604224 1
3714 7606272 1
3715 7608320 1
3716 7610368 1
3717 7612416 1
3718 7614464 1
3719 7616512 1
3720 7618560 1
3721 7620608 1
3722 7622656 1
3723 7624704 1
3724 7626752 1
3725 7628800 1
3726 7630848 1
3727 7632896 1
3728 7634944 1
3729 7636992 1
3730 7639040 1
3731 7641088 1
3732 7643136 1
3733 7645184 1
3734 7647232 1
3735 7649280 1
3736 7651328 1
3737 7653376 1
3738 7655424 1
3739 7657472 1
3740 7659520 1
3741 7661568 1
3742 7663616 1
3743 7665664 1
3744 7667712 1
3745 7669760 1
3746 7671808 1
3747 7673856 1
3748 7675904 1
3749 7677952 1
3750 7680000 1
3751 7682048 1
3752 7684096 1
3753 7686144 1
3754 7688192 1
3755 7690240 1
3756 7692288 1
3757 7694336 1
3758 7696384 1
3759 7698432 1
3760 7700480 1
3761 7702528 1
3762 7704576 1
3763 7706624 1
3764 7708672 1
3765 7710720 1
3766 7712768 1
3767 7714816 1
3768 7716864 1
3769 7718912 1
3770 7720960 1
3771 7723008 1
3772 7725056 1
3773 7727104 1
3774 7729152 1
3775 7731200 1
3776 7733248 1
3777 7735296 1
3778 7737344 1
3779 7739392 1
3780 7741440 1
3781 7743488 1
3782 7745536 1
3783 7747584 1
3784 7749632 1
3785 7751680 1
3786 7753728 1
3787 7755776 1
3788 7757824 1
3789 7759872 1
3790 7761920 1
3791 7763968 1
3792 7766016 1
3793 7768064 1
3794 7770112 1
3795 7772160 1
3796 7774208 1
3797 7776256 1
3798 7778304 1
3799 7780352 1
3800 7782400 1
3801 7784448 1
3802 7786496 1
3803 7788544 1
3804 7790592 1
3805 7792640 1
3806 7794688 1
3807 7796736 1
3808 7798784 1
3809 7800832 1
3810 7802880 1
3811 7804928 1
3812 7806976 1
3813 7809024 1
3814 7811072 0
3815 7813120 1
3816 7815168 1
3817 7817216 1
3818 7819264 1
3819 7821312 1
3820 7823360 1
3821 7825408 1
3822 7827456 1
3823 7829504 1
3824 7831552 1
3825 7833600 1
3826 7835648 1
3827 7837696 1
3828 7839744 1
3829 7841792 1
3830 7843840 1
3831 7845888 1
3832 7847936 1
3833 7849984 1
3834 7852032 1
3835 7854080 1
3836 7856128 1
3837 7858176 1
3838 7860224 1
3839 7862272 1
3840 7864320 1
3841 7866368 1
3842 7868416 1
3843 7870464 1
3844 7872512 1
3845 7874560 1
3846 7876608 1
3847 7878656 1
3848 7880704 1
3849 7882752 1
3850 7884800 1
3851 7886848 1
3852 7888896 1
3853 7890944 1
3854 7892992 1
3855 7895040 1
3856 7897088 1
3857 7899136 1
3858 7901184 1
3859 7903232 1
3860 7905280 1
3861 7907328 1
3862 7909376 1
3863 7911424 1
3864 7913472 1
3865 7915520 1
3866 7917568 1
3867 7919616 1
3868 7921664 1
3869 7923712 1
3870 7925760 1
3871 7927808 1
3872 7929856 1
3873 7931904 1
3874 7933952 1
3875 7936000 1
3876 7938048 1
3877 7940096 1
3878 7942144 1
3879 7944192 1
3880 7946240 1
3881 7948288 1
3882 7950336 1
3883 7952384 1
3884 7954432 1
3885 7956480 1
3886 7958528 1
3887 7960576 1
3888 7962624 1
3889 7964672 1
3890 7966720 1
3891 7968768 1
3892 7970816 1
3893 7972864 1
3894 7974912 1
3895 7976960 1
3896 7979008 1
3897 7981056 1
3898 7983104 1
3899 7985152 1
3900 7987200 1
3901 7989248 1
3902 7991296 1
3903 7993344 1
3904 7995392 1
3905 7997440 1
3906 7999488 1
3907 8001536 1
3908 8003584 1
3909 8005632 1
3910 8007680 1
3911 8009728 1
3912 8011776 1
3913 8013824 1
3914 8015872 1
3915 8017920 1
3916 8019968 1
3917 8022016 1
3918 8024064 1
3919 8026112 1
3920 8028160 1
3921 8030208 1
3922 8032256 1
3923 8034304 1
3924 8036352 1
3925 8038400 1
3926 8040448 1
3927 8042496 1
3928 8044544 1
3929 8046592 1
3930 8048640 1
3931 8050688 1
3932 8052736 1
3933 8054784 1
3934 8056832 1
3935 8058880 1
3936 8060928 1
3937 8062976 1
3938 8065024 1
3939 8067072 1
3940 8069120 1
3941 8071168 1
3942 8073216 1
3943 8075264 1
3944 8077312 1
3945 8079360 1
3946 8081408 1
3947 8083456 1
3948 8085504 1
3949 8087552 1
3950 8089600 1
3951 8091648 1
3952 8093696 1
3953 8095744 1
3954 8097792 1
3955 8099840 1
3956 8101888 1
3957 8103936 1
3958 8105984 1
3959 8108032 1
3960 8110080 1
3961 8112128 1
3962 8114176 1
3963 8116224 1
3964 8118272 1
3965 8120320 1
3966 8122368 1
3967 8124416 1
3968 8126464 1
3969 8128512 1
3970 8130560 1
3971 8132608 1
3972 8134656 1
3973 8136704 1
3974 8138752 1
3975 8140800 1
3976 8142848 1
3977 8144896 1
3978 8146944 1
3979 8148992 1
3980 8151040 1
3981 8153088 1
3982 8155136 1
3983 8157184 1
3984 8159232 1
3985 8161280 1
3986 8163328 1
3987 8165376 1
3988 8167424 1
3989 8169472 1
3990 8171520 1
3991 8173568 1
3992 8175616 1
3993 8177664 1
3994 8179712 1
3995 8181760 1
3996 8183808 1
3997 8185856 1
3998 8187904 1
3999 8189952 1
4000 8192000 1
4001 8194048 1
4002 8196096 1
4003 8198144 1
4004 8200192 1
4005 8202240 1
4006 8204288 1
4007 8206336 1
4008 8208384 1
4009 8210432 1
4010 8212480 1
4011 8214528 1
4012 8216576 1
4013 8218624 1
4014 8220672 1
4015 8222720 1
4016 8224768 1
4017 8226816 1
4018 8228864 1
4019 8230912 1
4020 8232960 1
4021 8235008 1
4022 8237056 1
4023 8239104 1
4024 8241152 1
4025 8243200 1
4026 8245248 1
4027 8247296 1
4028 8249344 1
4029 8251392 1
4030 8253440 1
4031 8255488 1
4032 8257536 1
4033 8259584 1
4034 8261632 1
4035 8263680 1
4036 8265728 1
4037 8267776 1
4038 8269824 1
4039 8271872 1
4040 8273920 1
4041 8275968 1
4042 8278016 1
4043 8280064 1
4044 8282112 1
4045 8284160 1
4046 8286208 1
4047 8288256 1
4048 8290304 1
4049 8292352 1
4050 8294400 1
4051 8296448 1
4052 8298496 1
4053 8300544 1
4054 8302592 1
4055 8304640 1
4056 8306688 1
4057 8308736 1
4058 8310784 1
4059 8312832 1
4060 8314880 1
4061 8316928 1
4062 8318976 1
4063 8321024 1
4064 8323072 1
4065 8325120 1
4066 8327168 1
4067 8329216 1
4068 8331264 1
4069 8333312 1
4070 8335360 1
4071 8337408 1
4072 8339456 1
4073 8341504 1
4074 8343552 1
4075 8345600 1
4076 8347648 1
4077 8349696 1
4078 8351744 1
4079 8353792 1
4080 8355840 1
4081 8357888 1
4082 8359936 1
4083 8361984 1
4084 8364032 1
4085 8366080 1
4086 8368128 1
4087 8370176 1
4088 8372224 1
4089 8374272 1
4090 8376320 1
4091 8378368 1
4092 8380416 1
4093 8382464 1
4094 8384512 1
4095 8386560 1
4096 8388608 1
4097 8390656 1
4098 8392704 1
4099 8394752 1
4100 8396800 1
4101 8398848 1
4102 8400896 1
4103 8402944 1
4104 8404992 1
4105 8407040 1
4106 8409088 1
4107 8411136 1
4108 8413184 1
4109 8415232 1
4110 8417280 1
4111 8419328 1
4112 8421376 1
4113 8423424 1
4114 8425472 1
4115 8427520 1
4116 8429568 1
4117 8431616 1
4118 8433664 1
4119 8435712 1
4120 8437760 1
4121 8439808 1
4122 8441856 1
4123 8443904 1
4124 8445952 1
4125 8448000 1
4126 8450048 1
4127 8452096 1
4128 8454144 1
4129 8456192 1
4130 8458240 1
4131 8460288 1
4132 8462336 1
4133 8464384 1
4134 8466432 1
4135 8468480 1
4136 8470528 1
4137 8472576 1
4138 8474624 1
4139 8476672 1
4140 8478720 1
4141 8480768 1
4142 8482816 1
4143 8484864 1
4144 8486912 1
4145 8488960 1
4146 8491008 1
4147 8493056 1
4148 8495104 1
4149 8497152 1
4150 8499200 1
4151 8501248 1
4152 8503296 1
4153 8505344 1
4154 8507392 1
4155 8509440 1
4156 8511488 1
4157 8513536 1
4158 8515584 1
4159 8517632 1
4160 8519680 1
4161 8521728 1
4162 8523776 1
4163 8525824 1
4164 8527872 1
4165 8529920 1
4166 8531968 1
4167 8534016 1
4168 8536064 1
4169 8538112 1
4170 8540160 1
4171 8542208 1
4172 8544256 1
4173 8546304 1
4174 8548352 1
4175 8550400 1
4176 8552448 1
4177 8554496 1
4178 8556544 1
4179 8558592 1
4180 8560640 1
4181 8562688 1
4182 8564736 1
4183 8566784 1
4184 8568832 1
4185 8570880 1
4186 8572928 1
4187 8574976 1
4188 8577024 1
4189 8579072 1
4190 8581120 1
4191 8583168 1
4192 8585216 1
4193 8587264 1
4194 8589312 1
4195 8591360 1
4196 8593408 1
4197 8595456 1
4198 8597504 1
4199 8599552 1
4200 8601600 1
4201 8603648 1
4202 8605696 1
4203 8607744 1
4204 8609792 1
4205 8611840 1
4206 8613888 1
4207 8615936 1
4208 8617984 1
4209 8620032 1
4210 8622080 1
4211 8624128 1
4212 8626176 1
4213 8628224 1
4214 8630272 1
4215 8632320 1
4216 8634368 1
4217 8636416 1
4218 8638464 1
4219 8640512 1
4220 8642560 1
4221 8644608 1
4222 8646656 1
4223 8648704 1
4224 8650752 1
4225 8652800 1
4226 8654848 1
4227 8656896 1
4228 8658944 1
4229 8660992 1
4230 8663040 1
4231 8665088 1
4232 8667136 1
4233 8669184 1
4234 8671232 1
4235 8673280 1
4236 8675328 1
4237 8677376 1
4238 8679424 1
4239 8681472 1
4240 8683520 1
4241 8685568 1
4242 8687616 1
4243 8689664 1
4244 8691712 1
4245 8693760 1
4246 8695808 1
4247 8697856 1
4248 8699904 1
4249 8701952 1
4250 8704000 1
4251 8706048 1
4252 8708096 1
4253 8710144 1
4254 8712192 1
4255 8714240 1
4256 8716288 1
4257 8718336 1
4258 8720384 1
4259 8722432 1
4260 8724480 1
4261 8726528 1
4262 8728576 1
4263 8730624 1
4264 8732672 1
4265 8734720 1
4266 8736768 1
4267 8738816 1
4268 8740864 1
4269 8742912 1
4270 8744960 1
4271 8747008 1
4272 8749056 1
4273 8751104 1
4274 8753152 1
4275 8755200 1
4276 8757248 1
4277 8759296 1
4278 8761344 1
4279 8763392 1
4280 8765440 1
4281 8767488 1
4282 8769536 1
4283 8771584 1
4284 8773632 1
4285 8775680 1
4286 8777728 0
4287 8779776 1
4288 8781824 1
4289 8783872 1
4290 8785920 1
4291 8787968 1
4292 8790016 1
4293 8792064 1
4294 8794112 1
4295 8796160 1
4296 8798208 1
4297 8800256 1
4298 8802304 1
4299 8804352 1
4300 8806400 1
4301 8808448 1
4302 8810496 1
4303 8812544 1
4304 8814592 1
4305 8816640 1
4306 8818688 1
4307 8820736 1
4308 8822784 1
4309 8824832 1
4310 8826880 1
4311 8828928 1
4312 8830976 1
4313 8833024 1
4314 8835072 1
4315 8837120 1
4316 8839168 1
4317 8841216 1
4318 8843264 1
4319 8845312 1
4320 8847360 1
4321 8849408 1
4322 8851456 1
4323 8853504 1
4324 8855552 1
4325 8857600 1
4326 8859648 1
4327 8861696 1
4328 8863744 1
4329 8865792 1
4330 8867840 1
4331 8869888 1
4332 8871936 1
4333 8873984 1
4334 8876032 1
4335 8878080 1
4336 8880128 1
4337 8882176 1
4338 8884224 1
4339 8886272 1
4340 8888320 1
4341 8890368 1
4342 8892416 1
4343 8894464 1
4344 8896512 1
4345 8898560 1
4346 8900608 1
4347 8902656 1
4348 8904704 1
4349 8906752 1
4350 8908800 1
4351 8910848 1
4352 8912896 1
4353 8914944 1
4354 8916992 1
4355 8919040 1
4356 8921088 1
4357 8923136 1
4358 8925184 1
4359 8927232 1
4360 8929280 1
4361 8931328 1
4362 8933376 1
4363 8935424 1
4364 8937472 1
4365 8939520 1
4366 8941568 1
4367 8943616 1
4368 8945664 1
4369 8947712 1
4370 8949760 1
4371 8951808 1
4372 8953856 1
4373 8955904 1
4374 8957952 1
4375 8960000 1
4376 8962048 1
4377 8964096 1
4378 8966144 1
4379 8968192 1
4380 8970240 1
4381 8972288 1
4382 8974336 1
4383 8976384 1
4384 8978432 1
4385 8980480 1
4386 8982528 1
4387 8984576 1
4388 8986624 1
4389 8988672 1
4390 8990720 1
4391 8992768 1
4392 8994816 1
4393 8996864 1
4394 8998912 1
4395 9000960 1
4396 9003008 1
4397 9005056 1
4398 9007104 1
4399 9009152 1
4400 9011200 1
4401 9013248 1
4402 9015296 1
4403 9017344 1
4404 9019392 1
4405 9021440 1
4406 9023488 1
4407 9025536 1
4408 9027584 1
4409 9029632 1
4410 9031680 1
4411 9033728 1
4412 9035776 1
4413 9037824 1
4414 9039872 1
4415 9041920 1
4416 9043968 1
4417 9046016 1
4418 9048064 1
4419 9050112 1
4420 9052160 1
4421 9054208 1
4422 9056256 1
4423 9058304 1
4424 9060352 1
4425 9062400 1
4426 9064448 1
4427 9066496 1
4428 9068544 1
4429 9070592 1
4430 9072640 1
4431 9074688 1
4432 9076736 1
4433 9078784 1
4434 9080832 1
4435 9082880 1
4436 9084928 1
4437 9086976 1
4438 9089024 1
4439 9091072 1
4440 9093120 1
4441 9095168 1
4442 9097216 1
4443 9099264 1
4444 9101312 1
4445 9103360 1
4446 9105408 1
4447 9107456 1
4448 9109504 1
4449 9111552 1
4450 9113600 1
4451 9115648 1
4452 9117696 1
4453 9119744 1
4454 9121792 1
4455 9123840 1
4456 9125888 1
4457 9127936 1
4458 9129984 1
4459 9132032 1
4460 9134080 1
4461 9136128 1
4462 9138176 1
4463 9140224 1
4464 9142272 1
4465 9144320 1
4466 9146368 1
4467 9148416 1
4468 9150464 1
4469 9152512 1
4470 9154560 1
4471 9156608 1
4472 9158656 1
4473 9160704 1
4474 9162752 1
4475 9164800 1
4476 9166848 1
4477 9168896 1
4478 9170944 1
4479 9172992 1
4480 9175040 1
4481 9177088 1
4482 9179136 1
4483 9181184 1
4484 9183232 1
4485 9185280 1
4486 9187328 1
4487 9189376 1
4488 9191424 1
4489 9193472 1
4490 9195520 1
4491 9197568 1
4492 9199616 1
4493 9201664 1
4494 9203712 1
4495 9205760 1
4496 9207808 1
4497 9209856 1
4498 9211904 1
4499 9213952 1
4500 9216000 1
4501 9218048 1
4502 9220096 1
4503 9222144 1
4504 9224192 1
4505 9226240 1
4506 9228288 1
4507 9230336 1
4508 9232384 1
4509 9234432 1
4510 9236480 1
4511 9238528 1
4512 9240576 1
4513 9242624 1
4514 9244672 1
4515 9246720 1
4516 9248768 1
4517 9250816 1
4518 9252864 1
4519 9254912 1
4520 9256960 1
4521 9259008 1
4522 9261056 1
4523 9263104 1
4524 9265152 1
4525 9267200 1
4526 9269248 1
4527 9271296 1
4528 9273344 1
4529 9275392 1
4530 9277440 1
4531 9279488 1
4532 9281536 1
4533 9283584 1
4534 9285632 1
4535 9287680 1
4536 9289728 1
4537 9291776 1
4538 9293824 1
4539 9295872 1
4540 9297920 1
4541 9299968 1
4542 9302016 1
4543 9304064 1
4544 9306112 1
4545 9308160 1
4546 9310208 1
4547 9312256 1
4548 9314304 1
4549 9316352 1
4550 9318400 1
4551 9320448 1
4552 9322496 1
4553 9324544 1
4554 9326592 1
4555 9328640 1
4556 9330688 1
4557 9332736 1
4558 9334784 1
4559 9336832 1
4560 9338880 1
4561 9340928 1
4562 9342976 1
4563 9345024 1
4564 9347072 1
4565 9349120 1
4566 9351168 1
4567 9353216 1
4568 9355264 1
4569 9357312 1
4570 9359360 1
4571 9361408 1
4572 9363456 1
4573 9365504 1
4574 9367552 1
4575 9369600 1
4576 9371648 1
4577 9373696 1
4578 9375744 1
4579 9377792 1
4580 9379840 1
4581 9381888 1
4582 9383936 1
4583 9385984 1
4584 9388032 1
4585 9390080 1
4586 9392128 1
4587 9394176 1
4588 9396224 1
4589 9398272 1
4590 9400320 1
4591 9402368 1
4592 9404416 1
4593 9406464 1
4594 9408512 1
4595 9410560 1
4596 9412608 1
4597 9414656 1
4598 9416704 1
4599 9418752 1
4600 9420800 1
4601 9422848 1
4602 9424896 1
4603 9426944 1
4604 9428992 1
4605 9431040 1
4606 9433088 1
4607 9435136 1
4608 9437184 1
4609 9439232 1
4610 9441280 1
4611 9443328 1
4612 9445376 1
4613 9447424 1
4614 9449472 1
4615 9451520 1
4616 9453568 1
4617 9455616 1
4618 9457664 1
4619 9459712 1
4620 9461760 1
4621 9463808 1
4622 9465856 1
4623 9467904 1
4624 9469952 1
4625 9472000 1
4626 9474048 1
4627 9476096 1
4628 9478144 1
4629 9480192 1
4630 9482240 1
4631 9484288 1
4632 9486336 1
4633 9488384 1
4634 9490432 1
4635 9492480 1
4636 9494528 1
4637 9496576 1
4638 9498624 1
4639 9500672 1
4640 9502720 1
4641 9504768 1
4642 9506816 1
4643 9508864 1
4644 9510912 1
4645 9512960 1
4646 9515008 1
4647 9517056 1
4648 9519104 1
4649 9521152 1
4650 9523200 1
4651 9525248 1
4652 9527296 1
4653 9529344 1
4654 9531392 1
4655 9533440 1
4656 9535488 1
4657 9537536 1
4658 9539584 1
4659 9541632 1
4660 9543680 1
4661 9545728 1
4662 9547776 1
4663 9549824 1
4664 9551872 1
4665 9553920 1
4666 9555968 1
4667 9558016 1
4668 9560064 1
4669 9562112 1
4670 9564160 1
4671 9566208 1
4672 9568256 1
4673 9570304 1
4674 9572352 1
4675 9574400 1
4676 9576448 1
4677 9578496 1
4678 9580544 1
4679 9582592 1
4680 9584640 1
4681 9586688 1
4682 9588736 1
4683 9590784 1
4684 9592832 1
4685 9594880 1
4686 9596928 1
4687 9598976 1
4688 9601024 1
4689 9603072 1
4690 9605120 1
4691 9607168 1
4692 9609216 1
4693 9611264 1
4694 9613312 1
4695 9615360 1
4696 9617408 1
4697 9619456 1
4698 9621504 1
4699 9623552 1
4700 9625600 1
4701 9627648 1
4702 9629696 1
4703 9631744 1
4704 9633792 1
4705 9635840 1
4706 9637888 1
4707 9639936 1
4708 9641984 1
4709 9644032 1
4710 9646080 1
4711 9648128 1
4712 9650176 1
4713 9652224 1
4714 9654272 1
4715 9656320 1
4716 9658368 1
4717 9660416 1
4718 9662464 1
4719 9664512 1
4720 9666560 1
4721 9668608 1
4722 9670656 1
4723 9672704 1
4724 9674752 1
4725 9676800 1
4726 9678848 1
4727 9680896 1
4728 9682944 1
4729 9684992 1
4730 9687040 1
4731 9689088 1
4732 9691136 1
4733 9693184 1
4734 9695232 1
4735 9697280 1
4736 9699328 1
4737 9701376 1
4738 9703424 1
4739 9705472 1
4740 9707520 1
4741 9709568 1
4742 9711616 1
4743 9713664 1
4744 9715712 1
4745 9717760 1
4746 9719808 1
4747 9721856 1
4748 9723904 1
4749 9725952 1
4750 9728000 1
4751 9730048 1
4752 9732096 1
4753 9734144 1
4754 9736192 1
4755 9738240 1
4756 9740288 1
4757 9742336 1
4758 9744384 1
4759 9746432 1
4760 9748480 1
4761 9750528 1
4762 9752576 1
4763 9754624 1
4764 9756672 1
4765 9758720 1
4766 9760768 1
4767 9762816 1
4768 9764864 1
4769 9766912 1
4770 9768960 1
4771 9771008 1
4772 9773056 1
4773 9775104 1
4774 9777152 1
4775 9779200 1
4776 9781248 1
4777 9783296 1
4778 9785344 1
4779 9787392 1
4780 9789440 1
4781 9791488 1
4782 9793536 1
4783 9795584 1
4784 9797632 1
4785 9799680 1
4786 9801728 1
4787 9803776 1
4788 9805824 1
4789 9807872 1
4790 9809920 1
4791 9811968 1
4792 9814016 1
4793 9816064 1
4794 9818112 1
4795 9820160 1
4796 9822208 1
4797 9824256 1
4798 9826304 1
4799 9828352 1
4800 9830400 1
4801 9832448 1
4802 9834496 1
4803 9836544 1
4804 9838592 1
4805 9840640 1
4806 9842688 1
4807 9844736 1
4808 9846784 1
4809 9848832 1
4810 9850880 1
4811 9852928 1
4812 9854976 1
4813 9857024 1
4814 9859072 1
4815 9861120 1
4816 9863168 1
4817 9865216 1
4818 9867264 1
4819 9869312 1
4820 9871360 1
4821 9873408 1
4822 9875456 1
4823 9877504 1
4824 9879552 1
4825 9881600 1
4826 9883648 1
4827 9885696 1
4828 9887744 1
4829 9889792 1
4830 9891840 1
4831 9893888 1
4832 9895936 1
4833 9897984 1
4834 9900032 1
4835 9902080 1
4836 9904128 1
4837 9906176 1
4838 9908224 1
4839 9910272 1
4840 9912320 1
4841 9914368 1
4842 9916416 1
4843 9918464 1
4844 9920512 1
4845 9922560 1
4846 9924608 1
4847 9926656 1
4848 9928704 1
4849 9930752 1
4850 9932800 1
4851 9934848 1
4852 9936896 1
4853 9938944 1
4854 9940992 1
4855 9943040 1
4856 9945088 1
4857 9947136 1
4858 9949184 1
4859 9951232 1
4860 9953280 1
4861 9955328 1
4862 9957376 1
4863 9959424 1
4864 9961472 1
4865 9963520 1
4866 9965568 1
4867 9967616 1
4868 9969664 1
4869 9971712 1
4870 9973760 1
4871 9975808 1
4872 9977856 1
4873 9979904 1
4874 9981952 1
4875 9984000 1
4876 9986048 1
4877 9988096 1
4878 9990144 1
4879 9992192 1
4880 9994240 1
4881 9996288 1
4882 9998336 1
4883 10000384 1
4884 10002432 1
4885 10004480 1
4886 10006528 1
4887 10008576 1
4888 10010624 1
4889 10012672 1
4890 10014720 1
4891 10016768 1
4892 10018816 1
4893 10020864 1
4894 10022912 1
4895 10024960 1
4896 10027008 1
4897 10029056 1
4898 10031104 1
4899 10033152 1
4900 10035200 1
4901 10037248 1
4902 10039296 1
4903 10041344 1
4904 10043392 1
4905 10045440 1
4906 10047488 1
4907 10049536 1
4908 10051584 1
4909 10053632 1
4910 10055680 1
4911 10057728 1
4912 10059776 1
4913 10061824 1
4914 10063872 1
4915 10065920 1
4916 10067968 1
4917 10070016 1
4918 10072064 1
4919 10074112 1
4920 10076160 1
4921 10078208 1
4922 10080256 1
4923 10082304 1
4924 10084352 1
4925 10086400 1
4926 10088448 1
4927 10090496 1
4928 10092544 1
4929 10094592 1
4930 10096640 1
4931 10098688 1
4932 10100736 1
4933 10102784 1
4934 10104832 1
4935 10106880 1
4936 10108928 1
4937 10110976 1
4938 10113024 1
4939 10115072 1
4940 10117120 1
4941 10119168 1
4942 10121216 1
4943 10123264 1
4944 10125312 1
4945 10127360 1
4946 10129408 1
4947 10131456 1
4948 10133504 1
4949 10135552 1
4950 10137600 1
4951 10139648 1
4952 10141696 1
4953 10143744 1
4954 10145792 1
4955 10147840 1
4956 10149888 1
4957 10151936 1
4958 10153984 1
4959 10156032 1
4960 10158080 1
4961 10160128 1
4962 10162176 1
4963 10164224 1
4964 10166272 1
4965 10168320 1
4966 10170368 1
4967 10172416 1
4968 10174464 1
4969 10176512 1
4970 10178560 1
4971 10180608 1
4972 10182656 1
4973 10184704 1
4974 10186752 1
4975 10188800 1
4976 10190848 1
4977 10192896 1
4978 10194944 1
4979 10196992 1
4980 10199040 1
4981 10201088 1
4982 10203136 1
4983 10205184 1
4984 10207232 1
4985 10209280 1
4986 10211328 1
4987 10213376 1
4988 10215424 1
4989 10217472 1
4990 10219520 1
4991 10221568 1
4992 10223616 1
4993 10225664 1
4994 10227712 1
4995 10229760 1
4996 10231808 1
4997 10233856 1
4998 10235904 1
4999 10237952 1
5000 10240000 1
5001 10242048 1
5002 10244096 1
5003 10246144 1
5004 10248192 1
5005 10250240 1
5006 10252288 1
5007 10254336 1
5008 10256384 1
5009 10258432 1
5010 10260480 1
5011 10262528 1
5012 10264576 1
5013 10266624 1
5014 10268672 1
5015 10270720 1
5016 10272768 1
5017 10274816 1
5018 10276864 1
5019 10278912 1
5020 10280960 1
5021 10283008 1
5022 10285056 1
5023 10287104 1
5024 10289152 1
5025 10291200 1
5026 10293248 1
5027 10295296 1
5028 10297344 1
5029 10299392 1
5030 10301440 1
5031 10303488 1
5032 10305536 1
5033 10307584 1
5034 10309632 1
5035 10311680 1
5036 10313728 1
5037 10315776 1
5038 10317824 1
5039 10319872 1
5040 10321920 1
5041 10323968 1
5042 10326016 1
5043 10328064 1
5044 10330112 1
5045 10332160 1
5046 10334208 1
5047 10336256 1
5048 10338304 1
5049 10340352 1
5050 10342400 1
5051 10344448 1
5052 10346496 1
5053 10348544 1
5054 10350592 1
5055 10352640 1
5056 10354688 1
5057 10356736 1
5058 10358784 1
5059 10360832 1
5060 10362880 1
5061 10364928 1
5062 10366976 1
5063 10369024 1
5064 10371072 1
5065 10373120 1
5066 10375168 1
5067 10377216 1
5068 10379264 1
5069 10381312 1
5070 10383360 1
5071 10385408 1
5072 10387456 1
5073 10389504 1
5074 10391552 1
5075 10393600 1
5076 10395648 1
5077 10397696 1
5078 10399744 1
5079 10401792 1
5080 10403840 1
5081 10405888 1
5082 10407936 1
5083 10409984 1
5084 10412032 1
5085 10414080 1
5086 10416128 1
5087 10418176 1
5088 10420224 1
5089 10422272 1
5090 10424320 1
5091 10426368 1
5092 10428416 1
5093 10430464 1
5094 10432512 1
5095 10434560 1
5096 10436608 1
5097 10438656 1
5098 10440704 1
5099 10442752 1
5100 10444800 1
5101 10446848 1
5102 10448896 1
5103 10450944 1
5104 10452992 1
5105 10455040 1
5106 10457088 1
5107 10459136 1
5108 10461184 1
5109 10463232 1
5110 10465280 1
5111 10467328 1
5112 10469376 1
5113 10471424 1
5114 10473472 1
5115 10475520 1
5116 10477568 1
5117 10479616 1
5118 10481664 1
5119 10483712 1
5120 10485760 1
5121 10487808 1
5122 10489856 1
5123 10491904 1
5124 10493952 1
5125 10496000 1
5126 10498048 1
5127 10500096 1
5128 10502144 1
5129 10504192 1
5130 10506240 1
5131 10508288 1
5132 10510336 1
5133 10512384 1
5134 10514432 1
5135 10516480 1
5136 10518528 1
5137 10520576 1
5138 10522624 1
5139 10524672 1
5140 10526720 1
5141 10528768 1
5142 10530816 1
5143 10532864 1
5144 10534912 1
5145 10536960 1
5146 10539008 1
5147 10541056 1
5148 10543104 1
5149 10545152 1
5150 10547200 1
5151 10549248 1
5152 10551296 1
5153 10553344 1
5154 10555392 1
5155 10557440 1
5156 10559488 1
5157 10561536 1
5158 10563584 1
5159 10565632 1
5160 10567680 1
5161 10569728 1
5162 10571776 1
5163 10573824 1
5164 10575872 1
5165 10577920 1
5166 10579968 1
5167 10582016 1
5168 10584064 1
5169 10586112 1
5170 10588160 1
5171 10590208 1
5172 10592256 1
5173 10594304 1
5174 10596352 1
5175 10598400 1
5176 10600448 1
5177 10602496 1
5178 10604544 1
5179 10606592 1
5180 10608640 1
5181 10610688 1
5182 10612736 1
5183 10614784 1
5184 10616832 1
5185 10618880 1
5186 10620928 1
5187 10622976 1
5188 10625024 1
5189 10627072 1
5190 10629120 1
5191 10631168 1
5192 10633216 1
5193 10635264 1
5194 10637312 1
5195 10639360 1
5196 10641408 1
5197 10643456 1
5198 10645504 1
5199 10647552 1
5200 10649600 1
5201 10651648 1
5202 10653696 1
5203 10655744 1
5204 10657792 1
5205 10659840 1
5206 10661888 1
5207 10663936 1
5208 10665984 1
5209 10668032 1
5210 10670080 1
5211 10672128 1
5212 10674176 1
5213 10676224 1
5214 10678272 1
5215 10680320 1
5216 10682368 1
5217 10684416 1
5218 10686464 1
5219 10688512 1
5220 10690560 1
5221 10692608 1
5222 10694656 1
5223 10696704 1
5224 10698752 1
5225 10700800 1
5226 10702848 1
5227 10704896 1
5228 10706944 1
5229 10708992 1
5230 10711040 1
5231 10713088 1
5232 10715136 1
5233 10717184 1
5234 10719232 1
5235 10721280 1
5236 10723328 1
5237 10725376 1
5238 10727424 1
5239 10729472 1
5240 10731520 1
5241 10733568 1
5242 10735616 1
5243 10737664 1
5244 10739712 1
5245 10741760 1
5246 10743808 1
5247 10745856 1
5248 10747904 1
5249 10749952 1
5250 10752000 1
5251 10754048 1
5252 10756096 1
5253 10758144 1
5254 10760192 1
5255 10762240 1
5256 10764288 1
5257 10766336 1
5258 10768384 1
5259 10770432 1
5260 10772480 1
5261 10774528 1
5262 10776576 1
5263 10778624 1
5264 10780672 1
5265 10782720 1
5266 10784768 1
5267 10786816 1
5268 10788864 1
5269 10790912 1
5270 10792960 1
5271 10795008 1
5272 10797056 1
5273 10799104 1
5274 10801152 1
5275 10803200 1
5276 10805248 1
5277 10807296 1
5278 10809344 1
5279 10811392 1
5280 10813440 1
5281 10815488 1
5282 10817536 1
5283 10819584 1
5284 10821632 1
5285 10823680 1
5286 10825728 1
5287 10827776 1
5288 10829824 1
5289 10831872 1
5290 10833920 1
5291 10835968 1
5292 10838016 1
5293 10840064 1
5294 10842112 1
5295 10844160 1
5296 10846208 1
5297 10848256 1
5298 10850304 1
5299 10852352 1
5300 10854400 1
5301 10856448 1
5302 10858496 1
5303 10860544 1
5304 10862592 1
5305 10864640 1
5306 10866688 1
5307 10868736 1
5308 10870784 1
5309 10872832 1
5310 10874880 1
5311 10876928 1
5312 10878976 1
5313 10881024 1
5314 10883072 1
5315 10885120 1
5316 10887168 1
5317 10889216 1
5318 10891264 1
5319 10893312 1
5320 10895360 1
5321 10897408 1
5322 10899456 1
5323 10901504 1
5324 10903552 1
5325 10905600 1
5326 10907648 1
5327 10909696 1
5328 10911744 1
5329 10913792 1
5330 10915840 1
5331 10917888 1
5332 10919936 1
5333 10921984 1
5334 10924032 1
5335 10926080 1
5336 10928128 1
5337 10930176 1
5338 10932224 1
5339 10934272 1
5340 10936320 1
5341 10938368 1
5342 10940416 1
5343 10942464 1
5344 10944512 1
5345 10946560 1
5346 10948608 1
5347 10950656 1
5348 10952704 1
5349 10954752 1
5350 10956800 1
5351 10958848 1
5352 10960896 1
5353 10962944 1
5354 10964992 1
5355 10967040 1
5356 10969088 1
5357 10971136 1
5358 10973184 1
5359 10975232 1
5360 10977280 1
5361 10979328 1
5362 10981376 1
5363 10983424 1
5364 10985472 1
5365 10987520 1
5366 10989568 1
5367 10991616 1
5368 10993664 1
5369 10995712 1
5370 10997760 1
5371 10999808 1
5372 11001856 1
5373 11003904 1
5374 11005952 1
5375 11008000 1
5376 11010048 1
5377 11012096 1
5378 11014144 1
5379 11016192 1
5380 11018240 1
5381 11020288 1
5382 11022336 1
5383 11024384 1
5384 11026432 1
5385 11028480 1
5386 11030528 1
5387 11032576 1
5388 11034624 1
5389 11036672 1
5390 11038720 1
5391 11040768 1
5392 11042816 1
5393 11044864 1
5394 11046912 1
5395 11048960 1
5396 11051008 1
5397 11053056 1
5398 11055104 1
5399 11057152 1
5400 11059200 1
5401 11061248 1
5402 11063296 1
5403 11065344 1
5404 11067392 1
5405 11069440 1
5406 11071488 1
5407 11073536 1
5408 11075584 1
5409 11077632 1
5410 11079680 1
5411 11081728 1
5412 11083776 1
5413 11085824 1
5414 11087872 1
5415 11089920 1
5416 11091968 1
5417 11094016 1
5418 11096064 1
5419 11098112 1
5420 11100160 1
5421 11102208 1
5422 11104256 1
5423 11106304 1
5424 11108352 1
5425 11110400 1
5426 11112448 1
5427 11114496 1
5428 11116544 1
5429 11118592 1
5430 11120640 1
5431 11122688 1
5432 11124736 1
5433 11126784 1
5434 11128832 1
5435 11130880 1
5436 11132928 1
5437 11134976 1
5438 11137024 1
5439 11139072 1
5440 11141120 1
5441 11143168 1
5442 11145216 1
5443 11147264 1
5444 11149312 1
5445 11151360 1
5446 11153408 1
5447 11155456 1
5448 11157504 1
5449 11159552 1
5450 11161600 1
5451 11163648 1
5452 11165696 1
5453 11167744 1
5454 11169792 1
5455 11171840 1
5456 11173888 1
5457 11175936 1
5458 11177984 1
5459 11180032 1
5460 11182080 1
5461 11184128 1
5462 11186176 1
5463 11188224 1
5464 11190272 1
5465 11192320 1
5466 11194368 1
5467 11196416 1
5468 11198464 1
5469 11200512 1
5470 11202560 1
5471 11204608 1
5472 11206656 1
5473 11208704 1
5474 11210752 1
5475 11212800 1
5476 11214848 1
5477 11216896 1
5478 11218944 1
5479 11220992 1
5480 11223040 1
5481 11225088 1
5482 11227136 1
5483 11229184 1
5484 11231232 1
5485 11233280 1
5486 11235328 1
5487 11237376 1
5488 11239424 1
5489 11241472 1
5490 11243520 1
5491 11245568 1
5492 11247616 1
5493 11249664 1
5494 11251712 1
5495 11253760 1
5496 11255808 1
5497 11257856 1
5498 11259904 1
5499 11261952 1
5500 11264000 1
5501 11266048 1
5502 11268096 1
5503 11270144 1
5504 11272192 1
5505 11274240 1
5506 11276288 1
5507 11278336 1
5508 11280384 1
5509 11282432 1
5510 11284480 1
5511 11286528 1
5512 11288576 1
5513 11290624 1
5514 11292672 1
5515 11294720 1
5516 11296768 1
5517 11298816 1
5518 11300864 1
5519 11302912 1
5520 11304960 1
5521 11307008 1
5522 11309056 1
5523 11311104 1
5524 11313152 1
5525 11315200 1
5526 11317248 1
5527 11319296 1
5528 11321344 1
5529 11323392 1
5530 11325440 1
5531 11327488 1
5532 11329536 1
5533 11331584 1
5534 11333632 1
5535 11335680 1
5536 11337728 1
5537 11339776 1
5538 11341824 1
5539 11343872 1
5540 11345920 1
5541 11347968 1
5542 11350016 1
5543 11352064 1
5544 11354112 1
5545 11356160 1
5546 11358208 1
5547 11360256 1
5548 11362304 1
5549 11364352 1
5550 11366400 1
5551 11368448 1
5552 11370496 1
5553 11372544 1
5554 11374592 1
5555 11376640 1
5556 11378688 1
5557 11380736 1
5558 11382784 1
5559 11384832 1
5560 11386880 1
5561 11388928 1
5562 11390976 1
5563 11393024 1
5564 11395072 1
5565 11397120 1
5566 11399168 1
5567 11401216 1
5568 11403264 1
5569 11405312 1
5570 11407360 1
5571 11409408 1
5572 11411456 1
5573 11413504 1
5574 11415552 1
5575 11417600 1
5576 11419648 1
5577 11421696 1
5578 11423744 1
5579 11425792 1
5580 11427840 1
5581 11429888 1
5582 11431936 1
5583 11433984 1
5584 11436032 1
5585 11438080 1
5586 11440128 1
5587 11442176 1
5588 11444224 1
5589 11446272 1
5590 11448320 1
5591 11450368 1
5592 11452416 1
5593 11454464 1
5594 11456512 1
5595 11458560 1
5596 11460608 1
5597 11462656 1
5598 11464704 1
5599 11466752 1
5600 11468800 1
5601 11470848 1
5602 11472896 1
5603 11474944 1
5604 11476992 1
5605 11479040 1
5606 11481088 1
5607 11483136 1
5608 11485184 1
5609 11487232 1
5610 11489280 1
5611 11491328 1
5612 11493376 1
5613 11495424 1
5614 11497472 1
5615 11499520 1
5616 11501568 1
5617 11503616 1
5618 11505664 1
5619 11507712 1
5620 11509760 1
5621 11511808 1
5622 11513856 1
5623 11515904 1
5624 11517952 1
5625 11520000 1
5626 11522048 1
5627 11524096 1
5628 11526144 1
5629 11528192 1
5630 11530240 1
5631 11532288 1
5632 11534336 1
5633 11536384 1
5634 11538432 1
5635 11540480 1
5636 11542528 1
5637 11544576 1
5638 11546624 1
5639 11548672 1
5640 11550720 1
5641 11552768 1
5642 11554816 1
5643 11556864 1
5644 11558912 1
5645 11560960 1
5646 11563008 1
5647 11565056 1
5648 11567104 1
5649 11569152 1
5650 11571200 1
5651 11573248 1
5652 11575296 1
5653 11577344 1
5654 11579392 1
5655 11581440 1
5656 11583488 1
5657 11585536 1
5658 11587584 1
5659 11589632 1
5660 11591680 1
5661 11593728 1
5662 11595776 1
5663 11597824 1
5664 11599872 1
5665 11601920 1
5666 11603968 1
5667 11606016 1
5668 11608064 1
5669 11610112 1
5670 11612160 1
5671 11614208 1
5672 11616256 1
5673 11618304 1
5674 11620352 1
5675 11622400 1
5676 11624448 1
5677 11626496 1
5678 11628544 1
5679 11630592 1
5680 11632640 1
5681 11634688 1
5682 11636736 1
5683 11638784 1
5684 11640832 1
5685 11642880 1
5686 11644928 1
5687 11646976 1
5688 11649024 1
5689 11651072 1
5690 11653120 1
5691 11655168 1
5692 11657216 1
5693 11659264 1
5694 11661312 1
5695 11663360 1
5696 11665408 1
5697 11667456 1
5698 11669504 1
5699 11671552 1
5700 11673600 1
5701 11675648 1
5702 11677696 1
5703 11679744 1
5704 11681792 1
5705 11683840 1
5706 11685888 1
5707 11687936 1
5708 11689984 1
5709 11692032 1
5710 11694080 1
5711 11696128 1
5712 11698176 1
5713 11700224 1
5714 11702272 1
5715 11704320 1
5716 11706368 1
5717 11708416 1
5718 11710464 1
5719 11712512 1
5720 11714560 1
5721 11716608 1
5722 11718656 1
5723 11720704 1
5724 11722752 1
5725 11724800 1
5726 11726848 1
5727 11728896 1
5728 11730944 1
5729 11732992 1
5730 11735040 1
5731 11737088 1
5732 11739136 1
5733 11741184 1
5734 11743232 1
5735 11745280 1
5736 11747328 1
5737 11749376 1
5738 11751424 1
5739 11753472 1
5740 11755520 1
5741 11757568 1
5742 11759616 1
5743 11761664 1
5744 11763712 1
5745 11765760 1
5746 11767808 1
5747 11769856 1
5748 11771904 1
5749 11773952 1
5750 11776000 1
5751 11778048 1
5752 11780096 1
5753 11782144 1
5754 11784192 1
5755 11786240 1
5756 11788288 1
5757 11790336 1
5758 11792384 1
5759 11794432 1
5760 11796480 1
5761 11798528 1
5762 11800576 1
5763 11802624 1
5764 11804672 1
5765 11806720 1
5766 11808768 1
5767 11810816 1
5768 11812864 1
5769 11814912 1
5770 11816960 1
5771 11819008 1
5772 11821056 1
5773 11823104 1
5774 11825152 1
5775 11827200 1
5776 11829248 1
5777 11831296 1
5778 11833344 1
5779 11835392 1
5780 11837440 1
5781 11839488 1
5782 11841536 1
5783 11843584 1
5784 11845632 1
5785 11847680 1
5786 11849728 1
5787 11851776 1
5788 11853824 1
5789 11855872 1
5790 11857920 1
5791 11859968 1
5792 11862016 1
5793 11864064 1
5794 11866112 1
5795 11868160 1
5796 11870208 1
5797 11872256 1
5798 11874304 1
5799 11876352 1
5800 11878400 1
5801 11880448 1
5802 11882496 1
5803 11884544 1
5804 11886592 1
5805 11888640 1
5806 11890688 1
5807 11892736 1
5808 11894784 1
5809 11896832 1
5810 11898880 1
5811 11900928 1
5812 11902976 1
5813 11905024 1
5814 11907072 1
5815 11909120 1
5816 11911168 1
5817 11913216 1
5818 11915264 1
5819 11917312 1
5820 11919360 1
5821 11921408 1
5822 11923456 1
5823 11925504 1
5824 11927552 1
5825 11929600 1
5826 11931648 1
5827 11933696 1
5828 11935744 1
5829 11937792 1
5830 11939840 1
5831 11941888 1
5832 11943936 1
5833 11945984 1
5834 11948032 1
5835 11950080 1
5836 11952128 1
5837 11954176 1
5838 11956224 1
5839 11958272 1
5840 11960320 1
5841 11962368 1
5842 11964416 1
5843 11966464 1
5844 11968512 1
5845 11970560 1
5846 11972608 1
5847 11974656 1
5848 11976704 1
5849 11978752 1
5850 11980800 1
5851 11982848 1
5852 11984896 1
5853 11986944 1
5854 11988992 1
5855 11991040 1
5856 11993088 1
5857 11995136 1
5858 11997184 1
5859 11999232 1
5860 12001280 1
5861 12003328 1
5862 12005376 1
5863 12007424 1
5864 12009472 1
5865 12011520 1
5866 12013568 1
5867 12015616 1
5868 12017664 1
5869 12019712 1
5870 12021760 1
5871 12023808 1
5872 12025856 1
5873 12027904 1
5874 12029952 1
5875 12032000 1
5876 12034048 1
5877 12036096 1
5878 12038144 1
5879 12040192 1
5880 12042240 1
5881 12044288 1
5882 12046336 1
5883 12048384 1
5884 12050432 1
5885 12052480 1
5886 12054528 1
5887 12056576 1
5888 12058624 1
5889 12060672 1
5890 12062720 1
5891 12064768 1
5892 12066816 1
5893 12068864 1
5894 12070912 1
5895 12072960 1
5896 12075008 1
5897 12077056 1
5898 12079104 1
5899 12081152 1
5900 12083200 1
5901 12085248 1
5902 12087296 1
5903 12089344 1
5904 12091392 1
5905 12093440 1
5906 12095488 1
5907 12097536 1
5908 12099584 1
5909 12101632 1
5910 12103680 1
5911 12105728 1
5912 12107776 1
5913 12109824 1
5914 12111872 1
5915 12113920 1
5916 12115968 1
5917 12118016 1
5918 12120064 1
5919 12122112 1
5920 12124160 1
5921 12126208 1
5922 12128256 1
5923 12130304 1
5924 12132352 1
5925 12134400 1
5926 12136448 1
5927 12138496 1
5928 12140544 1
5929 12142592 1
5930 12144640 1
5931 12146688 1
5932 12148736 1
5933 12150784 1
5934 12152832 1
5935 12154880 1
5936 12156928 1
5937 12158976 1
5938 12161024 1
5939 12163072 1
5940 12165120 1
5941 12167168 1
5942 12169216 1
5943 12171264 1
5944 12173312 1
5945 12175360 1
5946 12177408 1
5947 12179456 1
5948 12181504 1
5949 12183552 1
5950 12185600 1
5951 12187648 1
5952 12189696 1
5953 12191744 1
5954 12193792 1
5955 12195840 1
5956 12197888 1
5957 12199936 1
5958 12201984 1
5959 12204032 1
5960 12206080 1
5961 12208128 1
5962 12210176 1
5963 12212224 1
5964 12214272 1
5965 12216320 1
5966 12218368 1
5967 12220416 1
5968 12222464 1
5969 12224512 1
5970 12226560 1
5971 12228608 1
5972 12230656 1
5973 12232704 1
5974 12234752 1
5975 12236800 1
5976 12238848 1
5977 12240896 1
5978 12242944 1
5979 12244992 1
5980 12247040 1
5981 12249088 1
5982 12251136 1
5983 12253184 1
5984 12255232 1
5985 12257280 1
5986 12259328 1
5987 12261376 1
5988 12263424 1
5989 12265472 1
5990 12267520 1
5991 12269568 1
5992 12271616 1
5993 12273664 1
5994 12275712 1
5995 12277760 1
5996 12279808 1
5997 12281856 1
5998 12283904 1
5999 12285952 1
